200
183586.07169650472 287714.699348927 -637.6427398051738 -728.4440788267004 708648.4767736688
877400.3877563593 367956.4719114171 -314.7946385093014 641.116171401587 -732380.8568737772
563060.4160149822 359277.11247016746 -764.4354827426782 431.56674785022415 -106288.06866133388
-925684.4938934257 -768795.3931130616 799.1113058690544 -720.9309903059111 -408005.8725693476
-974732.3539908627 -599921.9878613092 -646.5286405172741 -156.91848041957599 -338301.9318928551
300461.17718216474 256604.37245002668 601.0138843565765 119.04065950191034 -31490.65419558878
-415552.2383603933 11711.214988860535 257.685059127587 -273.69789000294804 546874.3268444035
696207.1178885943 494010.8554550058 577.7898190465432 2.775466945542007 579395.0081247699
-244866.37569294497 -787598.6265973818 456.4414335646986 -168.39974467077832 459958.7838357687
-477717.03787590034 855885.864425807 343.56032171992183 89.08123151572272 -365521.5839929178
281263.6052226804 -500038.12083536346 406.18847552645775 738.2705642031274 -103313.01139260666
-491299.1077641618 909051.9521097397 194.3829190262286 461.9170919572016 934130.2716949198
-890996.022374239 -323757.5996609216 -568.4964448804926 639.7540882503654 658590.4718558996
-890769.1213977071 -543045.8592818987 -359.9427110668454 -762.0606441412183 -287871.384119718
584842.8630423949 -547062.7348707821 386.54203962387874 916.4459988391136 676281.9860777818
433634.0340695835 109001.44411058025 485.31852710314956 -714.4084829331721 32257.272691931226
421319.25467758323 -75133.8326276996 -49.55964744275559 268.44532478548444 292055.1118467739
-987210.6504736893 848589.9056625904 974.5374817297172 -425.2921382888966 897681.2519103675
-826665.7532510919 -937958.494579719 -51.249473279714834 -322.87833853637756 913586.4169962709
-29171.692530576256 329190.59511118825 -182.17382532183944 -769.979794769649 -347311.6229532276
-519663.82404450176 -316338.39318443707 -705.640915574971 -879.4192627196131 316115.9051296618
-856053.8981526673 620614.6699633717 214.71490398603646 -109.84332738005014 899651.9255247719
654719.1381327487 273837.0851296375 516.7346540707294 -723.2816509171633 -502526.9114198916
-755083.4654197003 -468371.1569293869 -600.0176602966296 -445.84087168399344 248380.8707293074
-963817.0447215642 -359772.0441321344 710.7103587980339 218.1227749639097 -152656.6693652505
414706.89957461413 355863.7033937457 358.45360733602774 -572.9380184388267 527042.4290566854
674906.4865290157 -196474.20239389432 234.96411513547037 -703.0202445737646 -797324.3379944362
677953.1332065898 -71198.82268924394 -680.9248612673815 -579.3375983145432 -368886.3997523455
-594889.2998763658 601030.7300877799 457.0816191159063 29.085583203938313 -745250.7913843816
510332.0641085203 -437355.37597574026 -980.5713657624055 -598.8603722419232 -176941.32001839753
-133971.55952467292 517168.2750035613 -152.54436527136045 -81.17358735538028 -180411.8912944746
-299830.78427680105 -455477.07688682724 -428.6823022406685 99.5728987086843 -649789.0357311795
-994191.6041947185 -747294.4577639275 124.3952441781405 471.10473301252273 739773.4876839505
815639.4735395482 -976750.9619490089 -461.1409174134278 -462.77473322932155 159041.58635273413
-237674.32648327434 678461.4926595583 663.9731035890029 758.3555096588268 -157355.31774687755
-815820.5674086587 530740.2668005906 -923.072634659448 564.503108006468 709320.018377197
-25345.340385256102 522921.19032931514 297.47462264026717 -596.9798568344547 -534487.6347077657
691003.4710619783 -967310.4248603361 -233.1497626396673 -731.9795627438441 -356318.8134221304
340819.8782439586 783486.7227948664 637.3817017619729 195.68996927198486 356823.1724661598
-328376.2232193856 329346.5165069902 -895.6364067973597 98.31284899284788 -758554.013688664
-676828.79172606 -917766.2059836693 -391.78284940889125 335.4410213225751 -889776.5790981596
94910.51410647156 -23975.349341786234 493.7547035870589 330.88778702552486 -298421.1671241432
65585.5555621779 -397476.51285652025 -805.8225376559036 655.2185688014986 301120.9370262765
507406.16938688024 -73921.11374028935 -543.3220837989214 -152.69607211086543 -593399.1047782208
86460.33703511674 -389836.9285906751 -397.25913193932354 -597.1162754163029 -307895.0363732409
-78468.78903566836 -719962.0955787415 -605.0239449919593 360.02891419932007 -436730.74322836776
-157870.93391046138 270386.8309849268 724.525584260967 94.99802342833573 444250.736055454
-119486.52832063416 7974.709106768132 42.711056710197454 -505.48998184881566 345863.42673556414
511048.83054028545 457163.89946258813 178.15235570581763 145.14896678532136 -638959.5443526639
-409243.5061338054 -542488.3685812922 -459.2821377727673 -587.1612808436137 422918.07145931385
-172319.97032058996 -103256.83750661626 372.82974835475056 732.6372201045838 -813888.6890012526
-469152.8731135677 696527.2078854858 57.177819254927954 -209.2340070439709 189941.72097422555
-643110.767585181 221097.31588422577 -64.20446575819346 254.88790593810518 634470.9041810208
40428.98544695217 654192.3507441599 264.37636487700775 637.8778215703946 -822241.3414548124
844400.3059104381 -12309.314151063329 503.5622895969209 -649.4088320054492 -450209.5065742036
-36979.60733378865 -749566.2396550407 888.6222766420419 -972.7612451126555 -647956.6276843019
596510.4656563571 -894210.7256422245 283.925081372518 -83.26352100401641 176987.08631600696
-977357.1720422449 -514202.046352209 280.4016688299639 275.7315419651261 794786.3494363062
-367596.1367173601 88259.62606811826 -639.867446424466 598.8381148747658 660139.6454132549
-442522.75600224885 -193975.27031372185 86.6271231767521 -469.8089960133134 723236.9092433476
-316544.62615951244 -903181.4541313979 771.2154185415125 -956.7480251570846 758992.9351807684
585549.3367871172 547663.6532961726 -401.4825563402462 -989.1973132337857 417045.68135858607
126237.86002079071 338916.06881148135 -298.031864975129 973.0232721331636 -70517.39536008018
200195.50137077132 805164.0317738326 64.23363537915338 852.7667533036347 -937004.4871128991
153601.0651886447 -636511.2447772648 406.1369927483927 -532.3899032236677 -965211.997487996
234974.14909113804 567699.9926441086 -206.31996750660232 536.0983483790747 807866.721311653
-161163.78658024466 455338.75207994203 148.04099232306226 671.6501510396008 -465162.16551731725
50557.841109398985 590044.2203507128 -432.9638428643483 -779.3678652532741 631719.4656203466
968438.5639290756 742325.3601795507 128.40765956958376 -754.7834280022092 631467.5386832482
229066.7165212091 -379039.7517692214 -902.3363471346568 910.8706684260587 70045.49812816619
-388430.90748921386 -724912.051435616 -302.4398186144555 879.0649148289699 -808795.6195932424
-636474.0896382857 -898939.2274767023 330.7473075447624 471.632984830896 710287.2088088491
-871183.5844481861 -909146.0791898347 -952.5723207314263 477.2490087295396 936705.5884465321
290635.55340464786 157854.71733314614 653.9626599131125 -421.5158288916085 -593734.8794760682
-935758.7266056644 8196.77117508126 -583.269194342597 -220.86578676499767 -448326.8417833471
741326.3399426844 -91688.43297163409 149.33166950518444 -703.4251410257405 -363008.7982487371
995353.1260403325 -510254.76656747103 -416.6755213610405 862.0343229733551 -149913.7684838398
452512.7336453248 -216208.49653057952 919.5895967429869 -775.0116082341865 398132.07337332633
-458174.2312702277 720847.1596036928 606.6012606445183 42.137230818052785 -303462.22376594855
357284.97409459087 -615226.1369466543 -590.8890334216554 -408.3967993277415 -722765.9925375251
-803744.575159133 -310352.29468986625 -630.5868859522323 733.307200744089 -586713.0340430723
437905.68805622635 802536.9759183999 917.1238563207648 -428.384867584855 980307.5353883316
-353533.15541058534 -28434.029393194825 -975.3368704596703 -817.7947485453456 645469.9225149422
716711.7851950438 -856904.5111220315 -124.81505526207991 703.7188080303695 398642.6254416853
239298.29701038497 -294135.05230013886 -192.9455727810912 929.480538286798 717263.479278507
891150.6737849847 292806.71282140096 -124.01070714594152 821.6452076849525 791228.9032173662
198507.69640417723 806871.590288877 -691.5997462006422 406.43401986691083 -517998.2960495317
-280117.4171639746 -213925.06451295468 545.697093685643 193.7692767919375 65084.64675411489
-53780.82421528001 -844142.4803530499 989.9033710927813 -395.54095209414663 239141.96857741452
-145417.403406412 430419.7391730272 -243.79897311164837 -573.5936077232833 -13372.190159851103
600351.8035921413 -602999.7490011549 -665.146080305163 -591.1168246650465 678910.0167710076
503294.8495356359 824399.145757234 -277.41796324693337 -740.9099591925572 -796133.6519052885
-460989.8265685104 382896.3380720506 408.9207098012332 -543.7572085387636 163835.2404749
-188039.23931049416 -134043.95845855772 -597.7813507044838 -522.3506934461384 -128508.74594906264
-853167.031653228 120567.84863546188 947.6300194097396 -294.2771965889774 -618480.7270920248
528774.6310897742 -87714.37002390006 979.6931255301797 336.3360525476703 684604.550489387
548825.3352911314 359757.37432693806 -441.14876298193667 302.07657244314123 -33933.39742618147
390130.23446069355 725354.2988244265 758.4851488256052 441.8621824325028 -794116.0374573607
-657430.0248315807 46569.724566267454 -145.33154132806555 -675.902085112904 758377.8306249031
-244925.5058687263 601722.2045411456 -314.2526145515419 191.0059837277588 334168.31328131515
-249129.08733166964 8693.828501526732 -704.6467185745995 -911.6475058876786 -810512.4523986889
-941860.5071213805 117340.0852199546 978.739646053129 -645.4253407920079 -423175.5566705726
-880320.4656513525 -563878.0167029429 -554.1661700266891 657.5304929415308 350118.7218146103
-657950.5701795265 377618.0286961163 -211.71038057669887 -906.8829668520743 -660864.5688685053
-867829.6367346308 -557249.6333355908 324.0524085827294 -480.4790347097529 109498.91313316626
116261.9118546655 -824226.4085843973 -599.530046094799 675.6872367788815 -862183.7399772707
-951007.6810126002 -929109.7223988943 -699.4883020990848 -441.8657267448647 205361.68115619826
617144.5555658839 -661451.0041549773 638.9390292346229 -875.8550075574789 -29668.264003033633
717369.7385912896 817480.0778647044 37.53895757236796 -432.20297503995096 -811624.4594202584
275392.7704513322 -80293.54825007834 789.5174915924299 780.9442858996031 -27211.78923737048
-554158.0755947611 361544.73792578233 372.2022109465213 -271.24605846486327 -530381.4529510515
-918375.3951156137 261971.19026575284 442.63614204638566 277.71505237221277 -130473.99349778413
-1679.9315282891039 655894.7847319406 302.07922652655316 -346.5886545799186 -510442.7841024797
451505.1609591695 -48280.61570971331 800.0963571089621 -185.6684969353248 -161018.57102393685
-735488.3232105181 -187095.29719772865 -971.2593608773445 -230.10007842883897 -916433.9868440034
-789200.3241743107 238218.9396384915 335.5477480748327 581.6479013984197 -201600.77097388892
-129225.26123785146 -41681.21260889748 603.2518256305389 -479.12912004043733 -558438.8358293482
-716344.9026261959 -905877.4733323473 -406.8967473778142 230.53894448332176 -885914.8456136236
245707.5280184662 90949.5265180755 -746.152816782607 -581.4224387937975 -376841.99275230675
723356.9414282953 46391.21936494403 -595.0673252807412 788.7620084874657 682214.3906864529
813115.7358545607 752905.93485132 428.74041483540236 749.7225473754665 358941.46575196343
-360150.1145753501 -888563.4798832521 66.46753213438797 -631.813057941325 968327.7867656103
-872996.025548529 624238.3703446314 482.62664275213797 427.98580961388325 -460642.42342879577
532676.7172049172 440738.73069891427 -662.9037464597432 598.1874248473764 -447499.58433804626
763207.5760737224 -916509.3252448699 890.4508552624395 -119.78438959112168 -495924.59237384424
-122214.66869062139 749705.0413432226 236.11849200516576 991.2075611980715 -402740.485643585
-226531.92313175125 831960.0598679867 -109.92628990066635 -944.5905033803867 -572431.8825867265
-196468.85057686234 -755692.0607317224 740.9927798237673 -101.22437653639076 -334734.38629980583
-158591.88433306222 299931.9219125663 662.4584017451191 929.2565284369423 957233.2701930946
-986771.66277305 -776296.3866037633 -788.0675290135779 750.8037740667714 -203162.2973024234
116231.42227762658 -694486.4211937734 658.344936976192 853.8046658146604 -269902.4516440476
221634.84783611097 -291121.67927721736 823.5037461097006 752.0988765092427 347317.0451329546
-270837.50310828234 47886.13449318404 382.3271221071234 -163.31420248495942 449327.5950511375
-550073.48575008 -143266.15562019125 823.3375908188575 781.9379901184557 784706.9447548045
-644079.8521861918 -792981.9966394895 699.4160829231967 -639.9279753414571 -26172.64409381477
712566.9512568945 119439.21688108495 -312.87140087110265 -501.86437061790843 -53442.81676365109
705233.5945095825 -11681.626689713099 -78.21683057847645 67.85177120581852 -263828.6263200855
-273012.3118987344 -899603.5164783447 358.56085963486476 319.20349670483984 -356950.43546242
-385675.381821122 928441.1105519889 -263.1510242170938 -857.02538398238 -269606.8985014786
-525464.4867845719 -885847.2246162125 185.65551771404216 -108.25668540206505 263576.21718220995
596123.4194085984 682689.849530973 611.0821566315531 -791.7420066670371 603038.4374960351
-231240.63421576982 -870326.4561724795 -138.88440240542036 644.4325827697207 -328215.09840671206
702515.2870968622 74348.4235944862 -309.2974606408429 539.4824102742004 331242.48439030047
773730.834275251 99225.31649652915 -51.29079739465374 -772.7719301683012 932030.789984666
-519435.3347636158 -317650.938889261 -786.5141387723462 -584.5053619171192 -745963.0503824665
-904078.8994111824 338176.51153359027 213.67509187361816 -535.9898591897696 878046.256276577
409743.70765625103 736027.5183671613 -594.5227635348624 -754.799416577469 715683.6005488839
828303.3029538323 898948.0236012053 -42.49677098717086 -130.6430429541998 -707029.4331414959
424645.515580629 -617806.0616903242 7.556068834497069 -404.80449360513114 -833846.5480172313
73570.42813763465 268240.4356302393 -110.36632828606093 -499.9296396129842 -23068.267671787762
809889.4510997524 -800892.7593694942 47.37473020247353 878.4199910071966 -418779.4197095876
-353788.9709596385 -651164.8883176637 -349.1241667731655 -815.9646066639455 530347.1060540008
-923960.591392523 -781458.3690282442 -912.3177163976217 -820.6288449506725 -838453.74795266
-8138.349861573894 -538145.708788295 -209.98868869748196 -716.9952924986618 -109073.98602315888
384408.44072567066 186421.55102247605 89.26037207657555 701.6639106130353 95376.71996817016
-901739.9245481996 159321.73958523478 -128.6816879868427 -0.865621777353681 189823.35184245487
703478.3914395499 -176254.0200422234 -795.4372968211545 74.99969711166136 -896956.7784180472
-101133.87322217005 420122.6889476753 -634.3446182236194 932.8194798171737 867061.8924738658
418114.7617121709 73535.16913696402 -994.3305495915582 436.10053289849543 304860.57016648515
652348.2513936998 120116.00095845386 967.4617656505116 74.44426835833474 -810919.4810773041
-323091.4364369473 880875.7883095017 83.89959333099864 -666.669126366396 471396.87171054445
-122329.87756231788 -655725.3419161171 58.205778058441865 -526.1971356934276 -441974.07414183614
599040.6064746666 -669429.916153267 -13.770958073088082 -65.21415407753932 -49048.35457564483
-461217.92481076776 63038.961699632695 607.7534239048239 568.5156900910872 919348.7809187477
643164.2764419704 519278.46896943636 -644.9078211534953 27.766423893760475 -817462.8816312146
-896465.8814638555 -602080.5480520437 -864.1774923429685 -220.83168468810152 490246.4208646901
780799.1324275015 -844868.3291913382 800.8316677788243 -974.0879397196574 -937662.3449924625
-364386.781227116 714575.731993814 405.10036018183564 704.3837314117723 -861123.6678598793
-990569.1156828371 -350784.9450905083 -238.703227912437 -824.4287509822477 284690.6926505165
859118.4809990798 549005.32322859 -960.1263909648061 -857.011521683708 -842378.855327447
-489552.50004242256 242191.43972779159 -905.8901828718934 824.2234249203152 62445.77123840456
534469.3782373813 -487983.5196009048 475.05185041963864 366.3133320071586 951791.9287550112
-934216.3479889731 -237059.9270615275 724.2036181454064 -942.720113374414 785142.2729232484
-272775.1007513539 929123.0307520914 -977.6306264370218 -846.4895978699371 169525.63002488413
-636259.6654632371 817898.1480068148 568.0546762688559 898.6550736518182 -31608.320319253835
-305021.1552577027 491589.3640780789 998.3794420455711 910.8516656265597 340569.4372451175
372073.7753303789 -745172.7161757349 200.89975288457526 -477.7462480370183 -868185.7006439291
-789737.6701605949 -550681.5323490257 -601.4889762555624 368.79829643059975 -32933.042865534546
545775.5332522916 258373.9184571253 908.4138919310628 -336.76923205661376 -157372.74963613704
556601.8552096819 793406.9624070947 -814.4616414156523 72.34113107883354 -279693.2036915645
225974.5296516514 533837.1214703072 927.255816276866 233.3997208665735 568826.0419132321
60949.41102735349 -16037.022008578992 851.8497029459504 -976.6364094696658 -706548.0858336559
393913.4810010216 -640347.3332150481 56.998221822221694 154.44430096492692 -987499.0875233711
-241265.6795102423 -132292.29833186592 -399.356531941861 -918.6393061203672 -488305.8527110924
-270818.21020749025 -545325.1975263092 962.7730008565486 -799.0395330671358 -663130.1463919061
-656098.5657408707 979731.5794575859 -489.80696173025984 -920.9737016651329 72940.10959686199
390511.3652229307 683842.8892622024 -632.6440292025691 -268.11609500654515 137255.7829852819
57557.421615826664 -52791.81378363562 -76.04570714934857 219.21970476707543 -807867.5276646747
-731969.0194549138 -290305.3163171414 906.3721399892124 44.15786696347277 -971294.2847445947
442776.700604066 -725080.4950233485 -711.1181497859393 38.62559066564609 -881057.0323663107
-688636.7969563205 168229.4049527191 -665.1231865106122 -48.8626206567335 -42733.72065679263
-366226.4521944203 776410.3351644827 981.509694920878 532.4707992960725 369063.157727635
659894.3885092421 -499622.7738527437 146.06789412066246 513.8328982800131 -489431.7622503892
162868.06307119876 160438.3387135202 921.5981319387952 292.03186720810277 590222.6392334797
578496.0891431605 -479916.0618814804 631.6172359607517 -217.1863350632634 -539419.756475791
-220598.19260695914 947033.1888881044 -17.74513609789642 788.0756291786261 -677653.2159564975
-360136.5755980079 -510193.1568061051 -854.5246198659777 -301.637590420724 419337.4401205804
143830.6014524391 -682387.0085323239 810.5076005549538 -814.581863622514 -938260.5289764678
-225723.43799880717 344269.24725254066 158.15668153929937 815.2221437523474 -314532.8758873964
-949754.181381947 -336253.92172832333 -349.632973074437 380.6188539020093 808933.0589755822
