1000
-18235.358804939053 27566.45137774694 -977262.3614948702 215732.3719331068 116399.21295713307
47652.19149371564 -12966.577222688778 -838321.0071450507 870161.3279583878 -310484.28381290764
39528.399525338216 31413.668102249023 -566693.4135304061 892661.2756296343 903627.0674268454
-32349.325398954257 48316.18766688132 788859.518303982 672465.7066186017 625027.0440031104
45082.747604049146 -6601.480463792279 436568.78356080153 -391825.86883353407 -202280.44441397313
17655.191226416675 -58977.11926142209 -458743.3028251884 -516064.1903614971 930076.6225334748
48102.25095915323 10425.084732009404 428525.3511185881 575754.1807062486 -566545.842522688
-47995.062567768415 3565.0545152617997 618011.2511518763 872090.3250514246 72306.54721792927
49311.91310985219 -17997.543683337703 -667204.2600702727 119445.467933262 -963627.5285913105
27066.856557003615 -16489.535806047526 468509.71147251036 731130.4026893135 -425541.18618403724
38017.772095807304 -54058.77899387936 608103.9629823316 180282.59816714516 544004.5547682953
527.5011886692955 -5582.9457374527265 -667871.4781716084 911158.0409847556 -462674.34163772885
35387.58014939356 -40069.17480923678 98582.25085183955 -282258.1447098744 971487.6414763352
-48002.07103868769 -29940.61714852389 694308.5917240151 537592.9558235551 -947999.4539359511
-28641.08183347415 -14600.791011005655 475017.42606319045 212900.36296464386 -265140.87121065066
-13019.818996568894 -45821.27074898928 282329.43564479495 276824.606991529 -168916.35388424597
-23.368172516929917 -61691.964831685385 -788777.3492683254 830718.2880861678 724252.0489531483
-39174.40399082568 -19247.784659245634 604836.2263832677 -157331.3045347269 550141.777325064
-42176.75210280127 17694.89274735858 -932033.5330291325 176778.0160695475 -277274.4817125632
-52126.42612403247 -42300.555640902734 117674.68573664105 -173370.61851836438 -361135.0624412047
-45079.93924513389 -58338.41630299705 791188.8936788626 270892.07102979254 819068.7523738863
35331.41364952113 20982.037636205045 -208378.21487428015 -136553.38387318677 -994430.0004176783
-63986.713651324826 36375.54209286993 -503232.93781886646 -695876.6063255263 -774253.5292444576
-28380.062611713613 33743.69091322807 621607.1039806986 -589860.1378579307 -859027.2971566295
46844.33295777437 -22416.40630289502 -740518.6305241494 -4673.381773294415 -210711.20195274882
54030.95003796747 55484.22116959594 892334.8663030416 -618626.0304282117 801750.942657405
12250.994359616496 -61970.42059716952 816972.2006303531 270053.3820557757 358431.424456842
-24749.919640604858 39413.4077544825 406430.68472741195 985219.3741782394 -245315.59694652155
60612.53035724937 13899.205981494553 -960646.5909001948 661930.7177945245 818212.5607525473
42528.26284111482 -61102.190915461324 243966.4985056934 -822665.6322466086 -682273.2931430582
-11020.613924075762 40370.09660785814 266105.4636456957 -530837.6605723266 -270416.4430815297
-63108.74818819911 -46667.70918651082 420387.10171751236 139815.2020027286 232063.02281344635
-28188.19699495354 7978.434062624612 -936060.7018593663 130200.83308619284 47075.30162313976
-57265.88407563885 23459.747215798707 -152938.4582189786 33421.03227698943 596269.0482950201
20078.968288535398 -1984.1344385288103 220061.20998779335 905390.5978998914 792821.55711086
-56736.67175029786 37392.220562018716 -698369.3634367723 379636.02711136313 511137.722996128
-42189.81986312868 12417.577605402563 -306587.1901871611 -638558.4803655474 -370100.3890892782
-49838.20168983469 -64607.626071900086 422930.5527960977 645483.9528966679 -264089.3668293109
-53546.79324515621 29712.515495350744 -904854.0649915977 -56716.71579417819 -446188.4541069239
3696.0852710199106 -58028.35208689986 274839.5797074996 -331041.86775076366 -930246.3502562193
-51242.25305119464 62814.52663004234 810823.8646266575 -160806.6276278037 -438509.2150070779
-21034.002846296644 27290.732561883124 896138.2852115929 -876300.1534232042 423690.1183416215
-50920.39355904692 51833.88827553617 560176.4422421919 -143626.23412763444 363995.18449976365
6592.6755717249325 56903.4090321867 -748573.6544332497 988875.7161007738 -94653.24725747132
52667.4033363826 9997.187182480644 430430.95824753214 -58237.526622257195 -311311.6447878557
2523.334864079894 -37648.414290692905 -930822.2666233344 -431596.9429184891 -923807.1948786231
34235.97033149656 -8021.228735987679 356232.06169566326 -217611.03970664507 39116.055218782974
-15901.08822669163 11681.307635971447 77547.26572351623 -712317.0814748065 -884409.1975094433
-18513.900396835845 -11015.607987376687 -71158.84811492544 985254.3393357885 924645.1280426811
1066.0834665477014 -12578.577306739156 -184283.7032095932 -382360.9494624438 37066.653581503895
-20943.746881795712 -32758.40502640333 79423.26988615701 642554.6655077015 -481335.32906227926
-7670.654649577744 10186.291091663792 -293980.9489910841 15540.202044632519 610394.0021267196
60776.987980152946 -7141.625608854389 379809.9294270463 80743.22652035952 106577.88579864847
-21890.851540709904 37248.78229256335 -263987.11425737396 -523194.70563370694 -301795.2596263838
5117.35893489045 -45650.22980908335 -646010.695679985 -717265.3217785559 11984.357595711714
-24841.265316988545 26751.372058502428 -417324.40474353824 328229.3848840182 -116128.49298463226
-46741.0589139402 -7527.556481123596 -112799.47053109482 -597705.8991595447 823427.4665931559
-33759.27882198451 -35864.876599670606 -640293.0001805678 -67720.63226329011 74965.8743105384
-36574.60720854823 26941.425082934613 -604878.5838696724 338680.85014350293 -130138.9967186324
-65115.77144455469 27368.490172942693 -520875.40798900014 685347.1399364823 -567317.40460155
-65143.391273784335 6767.6414920983225 809513.9172409843 859949.3237535295 438548.06549686845
-27725.9544797852 45064.365367723396 -261496.9052534193 298062.7417413229 -948608.082263807
-26853.98504487888 -53903.404674111036 877814.0781185334 706644.6839976504 -528720.9064926854
15651.808998363893 -21990.76153537995 80923.8618876799 4096.281883714255 794733.3633673214
-61273.92659336567 -46503.554312595705 -474922.75024681806 884205.7853470643 -211355.36692282965
-13526.887019030895 -48430.188691182615 319202.8055244009 528593.6371870267 -938413.9148599096
30862.13186347198 -2658.064673582543 868248.3597596902 858169.8491349483 -778726.2156883561
62245.20695854521 -22526.660569466214 -659234.1042759886 -231983.2920970528 844512.8489327361
20451.8299963639 34031.264265681166 250753.34451306984 -896228.5400081696 129872.73192913993
36029.71322750018 -51596.0767428612 -788094.527378902 492082.9098676967 -884634.5528733941
12363.583889079353 -8144.510702561907 -75336.0563600458 526783.9506386777 468586.03200240387
-23789.739714236784 -58003.179879715186 -462676.2653443803 -59479.56586671248 -225550.39189545263
-5837.178298399871 28207.429333845852 -758311.9698509428 106028.29737851233 189226.7650128659
-1210.392626214758 -11939.434586477655 309103.53420441924 486394.1032698811 527941.6493407753
-32879.5595669562 -56864.791900209704 139508.0975941033 432584.24556109495 129818.14254472079
4056.0589717119146 52707.35540919585 -788017.5684522928 262622.968247782 814967.2569818124
-41301.72186963601 58265.66336618262 -769021.5929985917 -792210.9122163374 -557929.4742075019
-30452.574969161462 55718.42018339949 828757.3402183156 -346949.8826240214 573242.6586941367
62870.96091692668 -46220.0547222633 -707705.585320817 -540706.4349065041 -719032.3313008369
-29453.465052824176 41797.94654202406 719118.8330362649 76955.10582759604 -716325.1688835655
36057.9366769121 -42187.93678525076 -904163.0191061303 145616.26618073625 728353.6551162691
-53313.4750623353 13225.948777376834 811621.8361232921 452721.6995278518 346662.74075133284
61099.9265856057 -29729.86126225727 867881.1640454901 366570.9178668314 671930.2621197712
43828.49040797746 -18873.696750377305 824715.0267414178 155910.55837068916 -932739.8747706262
-31060.97490847457 -31516.402226276943 709392.2806266181 838875.7753690553 57348.837661620695
-4345.670937523246 55710.613180816945 421272.5954753738 -288116.3084528453 661793.0834942185
55133.42101197214 11290.042181775454 394052.4196168042 326762.9375276966 416359.50989305065
-28579.316453388048 -22693.439521441687 -18833.37503775477 467642.06642915634 -896278.0487749389
-52749.23635072696 -22547.494272569937 17539.516720233718 377511.15550097614 562500.0065787854
35455.54138360704 -42303.99878510328 731582.2123822351 -326704.0498897901 -916381.3553744678
41567.26826052241 -12096.678095225667 255148.93624400836 548874.895876392 -603728.3002421332
-39424.58166564786 -39839.040975507945 23955.214847167954 -930700.8869262094 -569802.9294148968
-48001.10280174104 46246.45086209627 -824307.3791817435 -157813.45859107957 -85149.92397657654
62343.85089057128 -48486.53166267485 -898375.2140134982 988886.250582021 -414404.3784073894
-22266.342207341528 41971.52314610765 105995.73068005033 908388.976545576 397918.75465945853
27276.855870853367 14541.402451332935 -462803.6708266876 -471382.75044686045 -449651.7568929979
-11254.969653787717 -41736.55664435608 167365.80955514777 -251224.48622127448 869373.3938943392
24026.04877356907 -45659.563206720806 -386053.4028929628 -466693.43214758777 345490.21609766386
-27925.08427681135 -2530.6032418332325 406864.72605373734 -211081.46799859998 269392.9349554749
57445.990299526165 35605.56300005615 522808.68702622736 -127464.35861306149 -974407.6034337494
52531.987402285886 10453.839587749768 -633763.535011542 606364.9330754718 -946943.8093380076
19513.08867090015 34306.77776157437 -847965.7564550705 551197.2264443976 -585659.9365311142
-20165.769292694662 -36144.492994014945 -562035.7317128798 276721.0735199712 -564990.0343486425
-20400.532369770794 1994.996131467342 -186505.0064391567 -676235.6999167807 -415213.5832556903
-19399.173987212853 -47372.825720828594 490900.38372605876 -180113.9466589517 -186951.0459801294
-47987.080080619315 -59817.87845865992 310086.71465875837 -525847.9183158284 -548735.232355259
-33428.8309266257 38561.66876023653 -978881.6039083021 699208.5115347793 -316330.47299148864
-3335.0446967615862 63104.36572690023 788277.060669882 232619.72401165566 597924.2949095215
-47280.14420696441 -20530.71768610178 495689.0911787243 740821.8349289396 -560044.3391991027
-7610.46965397321 -15268.44211730623 421884.7150446302 930311.4014579179 457690.6820245276
-60679.51473579949 31260.74224071209 -276432.5895634829 -756167.2683078065 689963.0683159358
30245.491171387825 12603.695546251896 -909984.2701577587 -639679.1568637863 409607.6690496749
49549.66941791549 -42640.260757252414 830972.8648074446 -812271.4963508801 -380728.0319629747
59400.58551113967 59220.33179904855 -798012.8469071009 -658546.3943421424 149892.82569923857
-32955.7585250562 -17549.114651909418 -845453.8183827216 -263536.0718280728 -336349.7880262878
-9114.84386193163 -63277.66874233699 -121405.4849565574 85075.29080956848 213300.71048853942
-57523.68229144695 -44025.35340911285 -573343.3708008322 464816.29163804906 -408879.5278609658
31997.234379547706 7586.182545675358 197460.0334477236 743442.1313506858 269481.2116677123
14590.260216817609 56409.537938661975 111269.43732534582 204360.31550000212 -428559.1898947627
-56315.38555101892 35041.742838615784 161904.8068919077 440239.48236387805 834842.9511524483
-40789.78709099564 2136.3116347800533 778370.5834020129 -873747.0546490867 -57963.7612482853
45381.67117518572 25034.567986922673 355430.2925155831 108934.4102748197 373378.4382373395
54517.383719744525 40690.100750873404 -412126.76162098534 450179.8046990882 151586.0153600457
44866.866055840655 -4847.028533745877 -918773.9496866117 -341645.1745555928 -414577.80273002444
4547.66021717203 15252.647677505578 645946.2998865852 258160.0143730333 768039.389513246
-55339.768985142524 -63525.026104603094 -79876.77473595703 786619.3882051404 -672108.4635088681
-34325.778576863246 -9765.787932080042 692709.4666486357 140752.65010416042 993316.9803082715
-61834.46969689017 61791.54372255261 522557.79105804744 -332799.7809524726 -338553.0005020243
55989.71677975189 -6524.109878627292 -720142.0562707637 367242.36286862125 -141147.5052818947
17109.935950809493 16298.298272547327 -266916.7745641314 272745.7330984322 31212.229269691277
28141.777368933966 -9169.160095390034 -769157.2444013497 165957.0929125892 64374.276059686905
5149.637581972944 21775.387135080266 -242985.7522462093 980852.1020616707 -177733.3353254695
-40947.3518591897 40845.804383363546 -651152.7913486026 -747421.3816661579 -9788.281185243395
-49911.97082605024 2100.715726851573 567073.9809743105 404347.31051966944 496580.8213039108
-54262.62834644377 26349.351027692086 -370345.52099891566 -949669.1379066348 -476015.5884266155
-44184.45193507509 -35332.07779488132 61715.272838609526 -195308.9968966766 -435235.5132443459
-44531.74912563016 13181.71152164918 -171413.25959109468 -795765.8255521394 -755993.2572768994
-8050.3518338995345 56159.38921605663 -558712.8016010696 -793617.9039830036 -226633.22877780965
-25521.277410114446 24400.16426768739 -765422.1207637651 130203.3433916152 -637841.1238339894
-6044.634067753839 -40831.38058633631 -536433.6152901449 -568146.3616517866 -232798.60465938377
-2866.196604537603 48922.854166173725 595966.1658689289 -596492.7819036485 -546376.9612946141
5035.240797918901 -38816.07543091859 896480.6144277065 588317.7879960262 791044.7290764234
-7662.08123918905 36365.57305913427 813906.5005877006 -307987.7938654729 -246402.99491611996
-41030.198685333366 -15478.330819526236 156715.71988931857 -318823.43918953126 210917.6113926533
31690.734970643738 -4927.132719441972 455305.1174188203 904152.5195399562 993073.986138805
40190.3359158877 28145.045757829736 665084.496880217 -64331.260937961866 -182868.75343822606
-11429.919887969736 -31879.26088055328 -183273.16748471837 349559.6533830147 962296.3029595076
4069.8602583513566 57238.204517939535 955932.4415545017 333216.1638035041 236631.55475665536
21994.77061885441 6666.520720524859 55244.83630593447 795965.7024276399 973793.8083713814
14663.140330258931 -18365.005814515782 -424545.64103419613 -85851.29714373639 791664.2973668035
38106.44634745897 64030.7664527421 -496122.14131834096 263218.62990779453 -860613.059533931
36385.748106456595 -4342.900951654228 659850.3661139826 591408.4387303595 -837084.5313330542
-10030.132290325128 58912.34663135525 -614421.1446702227 657667.8815062111 -289379.69862068887
-45446.54744130882 7957.543252472213 -832039.8515503879 -843362.3813188463 541222.0350602854
38953.422983543715 -64361.98191231603 -694706.4296873668 -508782.07839803345 -444878.31013553846
61926.0119370773 -18291.980902826544 -404606.74506661575 -390340.52956720954 -867596.9696140342
28208.545659891563 -11795.828199482421 974364.8552817232 357176.14280048735 -988390.6120333803
-5864.725876572877 -45759.71752841413 99315.86986849806 -497611.2841746412 -549420.7428350704
29758.877804432792 25327.786367255874 556678.3531991539 24275.367945485516 -425373.4023023816
19458.21569260028 12950.536720266275 606350.5766422828 -148886.0306400857 541277.4469676246
-13102.464602176638 28796.465430622076 988277.3484148965 -530999.1223271451 -675424.3367688311
39957.681718508786 49806.212996202 146467.45074178884 915650.0792397158 -890350.3879007282
20885.812125528406 50877.33880370103 -158493.64719341288 -414130.8571699838 -311691.77253245213
993.486928995917 -3418.787074332751 -113851.83238544897 -268150.9171598295 -196951.43471928174
473.7345847775723 35366.549138846894 22767.381142062368 493185.5877783911 444887.5260152356
28806.10872276638 -51454.21997133354 68576.44818139053 693277.5521598572 366598.49161519785
24324.05112486551 -15587.044697963429 -388773.9697089341 -533299.3526833868 -86008.49319449195
59416.760455435695 -13551.32254204413 -309471.01601643173 -282387.4793922452 191486.47106289584
-8295.182568262768 60028.85872806485 -859509.8545435638 -500946.0408622741 -214350.74964193965
-40345.68121620323 23729.53480743963 812040.9001486502 -105785.53689534217 420553.0434896711
13423.117244096924 -25859.607366422846 239922.02300839103 381118.02119810577 -640593.2011032728
62103.782328842964 35582.90065459779 101557.20784659334 -54731.20148001122 -958466.5632485892
38591.46828557768 31725.438120647144 -649249.7300472788 81521.49622290954 991520.932982567
-36931.371881338724 46550.7304567768 -120312.86812360678 863099.4968696325 -203939.49417660479
-52364.007292639144 58097.31003483632 657616.7514489887 385062.5894474974 -982410.8669580023
-56480.367600803744 -58738.04121361542 734843.6345960898 -726713.6034539135 691426.576774267
-35258.976047035205 -321.4176613226009 -247337.59884761693 219510.908053722 437232.2032015794
-46390.80105879667 58728.21558860646 -327855.1556745983 -391495.210626303 473011.4485104715
-50089.93052599336 -17449.563897908563 663690.7549227967 -110373.71753850265 -999290.4664061056
58609.51351859639 -43469.58164752944 651633.4857958583 317487.3681319505 -976115.2094479763
-15710.119152447558 29606.040862632304 -776352.4878763387 130618.45360874478 43939.23794444837
-54354.562093432076 -48570.17100497242 996875.6041491486 -104511.22125991329 931869.2270804695
20657.660454185738 -30347.131152965958 -166067.27773765102 -286204.57258954796 780793.2200374501
16290.522113520885 39923.94134713957 795253.2125411881 708300.7537165249 43163.18285702274
-59445.90173871607 -50950.695220875656 750030.821857935 -120061.28664105758 -707007.3955446135
26351.14516182839 -25040.38338498783 71266.94580943068 -119160.98837966938 149301.22965109488
32307.48654546599 41890.6242373884 -877093.6419298212 -692087.5856380747 518209.65603617695
36288.37677080913 647.4126332987507 -176754.4295522829 -225348.17230924848 92276.78283669148
17344.02574772465 57507.99563344239 -101627.41233897489 53928.51265732432 800380.4365927365
26155.15855390372 -23966.793049387634 -309784.16422293463 -269337.540572703 -436684.2587410322
-36439.470006682386 58182.33227424223 -147473.76055497339 -851083.7627580839 75249.2064445524
-58093.410742323555 27965.611217586847 869446.7989726083 940402.374695384 686457.2765378191
-65029.53427021169 -61266.530835241836 -633210.4966409253 -874655.1348065923 709778.6147241192
9810.397814757569 62607.497860720105 981981.1935132553 914632.9677404289 462095.41121581476
-15398.062052982103 -36923.38800390494 -802498.955260535 53678.97161721019 -830762.971463838
57163.314399573836 -32817.95631534318 -630130.6629575334 -75637.56665896077 -502532.8854651927
45191.49562167558 61802.96517098886 576854.3992822133 -941604.251085808 257250.72794236592
-61870.37275012641 4368.088148916417 102664.98880368937 -986160.4384125504 239196.83197979396
-4007.1466051669704 24409.394567099793 286755.9217694567 535502.865989106 165868.80376746343
-17473.70235738602 11575.798082899113 -350467.35638939345 -539168.3798355176 -977051.0368005654
9910.072539401735 1523.4880327644642 -116309.93290339294 -222265.9577673109 -380517.47512069833
37895.54365554666 -6427.629393517811 955830.3647932739 143754.49366871314 -832480.8836127794
28276.50636217039 -64724.60407677633 424157.0280950775 790772.4333478692 -245416.53670862876
40797.087423055855 -35462.7745624502 -816590.2545198853 851057.4050195157 -49196.69700903515
-18161.914209300856 35169.060699722846 -293895.7156989188 670658.6074407925 784964.4697891583
-2135.368756147436 37989.33342172981 203058.2116577134 635223.0200212677 -480075.9006648827
-58188.222982395324 -30562.42148163244 -26759.637370009907 -679602.0526977058 824588.9434500562
26245.273829161568 39487.92488030973 -391452.6599331454 271246.58927704906 307946.24540194473
11958.88487844041 23160.756374849545 823687.9478746289 -421365.68078933936 -788333.7601983484
-47255.19890992394 -1120.3519114810188 1008.632506138063 -158471.29737673525 365350.0699273562
26442.370375726226 60103.059859463334 -152120.17034525855 -366758.0422734306 704416.9983056169
-28746.14343542022 -31858.293593587732 424014.52520730044 -52826.8350142258 968498.93846048
20501.506955663426 33623.470576624444 -355388.3701321088 535285.5692077877 -563635.321856793
13619.95394374401 10625.429760501516 693604.9363730284 96855.55090598925 -268057.5159563805
-58932.76387790598 15699.384304081948 -571518.0746212738 834599.5053300639 819185.7846164121
269.15175822946185 -15575.571010767759 80432.50366803771 -734785.7069832741 162067.1553111961
-36504.7286759642 59006.159860457265 -570071.8643941685 -908583.688028233 -506083.1433345823
3338.9014099072083 -27807.443282007865 547465.3428436823 -937618.0013516917 706954.8770568501
52281.537905141464 43719.608436889524 -469867.44330264616 -734564.8155151337 187943.01480696816
-47466.23618761136 -43068.99395462143 295723.4164068573 547948.6091083423 802985.4844451274
-39223.501214320626 21438.580628883414 -252023.9106852325 -327116.84317283705 246983.49533693935
-62922.8274479862 64018.56116587194 -857074.3791518405 340255.19072809326 322862.216628107
-13669.702688393561 -64081.43425195996 -292889.53657179757 741547.7519184344 -718927.5900823753
-62774.22668303517 57258.46044388962 894742.2023313465 531446.4197084492 -412617.0486217155
-65436.8965894133 -18333.129393289884 334294.47963484214 -102019.50167842314 -366035.87284971145
6328.225857351208 -57924.60982349992 -678649.5249812294 -334225.5308249502 -775292.4737169344
33199.40907236593 -31373.840971276324 -146553.78673756076 440187.0593253316 959454.0489980348
21930.1718668916 -31179.716144430233 -185470.72123293008 -741460.3644797795 438246.91266184836
53093.79447091452 2141.0196412700316 -958587.7184956669 -930029.37907783 -736813.4662454654
-24913.9733540498 58417.08930124628 -912271.7445758095 69595.90287302108 -571214.9716308564
-32886.57309002639 24539.798534802932 -408687.4408945369 -980700.998074395 170391.24896869203
-44589.3266598925 19447.395456954677 -40380.80534354749 -793238.3126327593 -719032.3831307406
-28928.110635411635 21774.8909891629 856319.1621725764 725901.7205226826 355624.5504984963
49115.523551084494 -17914.810893686576 688616.9570681865 -792129.6676847481 -520890.60427629197
53039.48862613131 -17987.03180603002 373852.7243517821 550427.3173021057 -67705.8898121909
53318.73801709848 -21933.444491108443 357921.3232927134 -436046.2493318928 -59838.65038144856
5437.936233990273 -37545.795930574124 -964544.6903879406 -205747.82415811415 955077.208548845
52647.654861474046 36842.71863400591 -758768.9628746326 -107424.60725896223 -832193.1772332913
-27842.078891488403 -63390.813482292026 -617029.8864241284 -160199.74156309466 -306961.1054961621
-24943.988724193783 -61114.464807601194 -334811.9581548354 -965211.2945061848 8433.35396314587
-20593.52153297799 -1870.7152329528326 358824.4618135842 722852.6461503652 507776.1618345787
-43293.68330799838 40743.82589719942 -495387.4224396377 -416939.98542248644 778421.9227577655
16808.86055961337 45309.164658839116 594143.5652439627 -494217.527130961 -851090.0507344126
46321.07647544709 -19486.52864305362 904112.6278731409 -630642.6733076 -836991.8949515991
50052.72669364461 709.1720227472833 -130626.543160878 -467603.7136648898 -990143.7583538004
61051.06312194599 -35986.51391009799 -439451.91986875434 -576576.3742566836 -182903.55741365463
-56211.16371053153 4250.786999524207 -457859.6446263357 585799.2309197569 -928219.600294745
43969.604002741486 8196.403817862345 371356.59565802687 656983.4933928426 775994.6587033172
-34343.99970329883 -57526.4677459083 -23349.254850973957 267693.97122420114 612412.3423929766
-64781.93043359366 -254.10280475874606 -843503.7475577247 -405055.55940121354 -771465.2615566391
-46333.728124543515 8601.523393188501 -684467.5219404605 384681.3497658146 -461290.7653851834
15167.029804698512 12912.28657871265 -39050.57464012038 394798.9036851942 -961201.7569047567
-55763.87450350706 46914.15128686855 761030.9620431245 -489328.4600866166 -696813.8150778904
-10496.857818231103 -429.8687063288671 -448090.6151814676 42633.62608347903 685283.0782097429
-35795.988496926686 4561.101370457312 -866461.3853773597 -500032.071078212 448594.04014297854
3356.5697245780902 -43630.18538014454 -490224.2817003124 -401778.78479239997 -422174.9992316357
34163.64784886292 -26520.465910791463 -939432.4694992979 209172.88006935362 729147.5595911476
-4363.224435959273 -22936.01019406435 -215782.3438242023 149442.95461375313 311944.51012015785
-15972.556544876992 10451.627047198781 593020.0124117024 714546.6506996525 -579764.388399509
-26421.291731078294 -9989.464847967916 540596.6025972245 185756.15434525697 -763121.2631890678
-49672.90565947848 12447.58816902936 -226143.70163740788 -871896.8973646322 781957.1593770799
35848.80043362362 -19259.547901014463 484188.55758387665 -994848.6880662475 967236.0856181693
32017.853477081924 -63216.868520795615 83246.38446713099 447949.29379822826 412302.13638028083
24929.800715401958 42638.17233635539 -931010.5093912582 -777263.6662651966 -424037.44462746463
33168.87266785254 31590.881425620988 224720.45260252804 678171.0403540211 -113641.7680321791
-7921.656814784932 54278.48066979734 333307.9366684344 854338.3393905719 -682522.6162051208
-303.7254625133064 20579.522225337874 621730.0240989744 -67366.19369268301 513050.59611970186
62262.28754649479 -36909.39821020143 -292492.4397010034 824725.7128441078 402353.7002096935
-13125.716345624707 11895.27012563737 -246948.39751248446 -97737.44270133972 -589070.7986630081
54858.38263585529 -1484.877189344028 -261985.63944134244 115816.36660968862 -848206.3484328354
50411.83375813921 3304.978235698014 321308.29880076717 -993218.6148287647 -727620.9145549054
-969.1337085908308 -19658.536764799675 -446162.8012600329 -624492.5386010986 96924.42911461834
14486.85369017016 912.0025857365836 -770833.446079321 936973.887139939 814485.6445224117
27058.453909089003 28258.910810971865 137725.53720059386 830046.4879243074 -142680.13860526984
33296.336756915305 -7034.598487620402 520292.58858770947 367226.80080090486 207453.06477157958
40407.16648405358 -43105.5002019064 -12277.2714057056 -69453.69174583908 722105.5894442725
-45894.323951309314 526.7527451877104 -943678.9668590055 766796.0374202579 -322347.7860891719
-24148.84908217778 61918.1615242078 -692427.2152179175 621683.364633481 -365134.5977182996
-57242.921985567766 -43389.48751806715 825321.721717854 -94218.53857534891 -195656.40167018713
-50676.92159667122 62918.13809386433 907887.083354085 -490.81810939149 247051.361232599
62985.51974256149 1185.63736268894 -812720.4244066882 234740.16273483983 -876750.6259283983
-21157.288586414856 -60526.938610382 -319035.9183743687 -914956.0146212161 532194.8455003605
-14901.352170393991 -63783.861620401134 763052.7910494851 200013.9356955823 -737035.9207749469
58551.62951388804 -42675.708970036256 794215.3574236729 174925.013664674 357002.374895731
-65082.618738037316 47749.65259172153 600014.2602185784 -447923.79883792636 -964273.0218419859
-53625.769933165255 -26522.10299813062 -200652.10317477584 -172231.01453941164 -102398.31664472178
-20210.384814684498 -21027.69870312653 -949835.5804881311 -359614.76330160163 -492741.98389974824
17609.110204840443 -64561.893279837706 -685415.2997447955 -63224.35364935442 196107.21177281998
-54185.63739170553 6069.5108137159405 -505626.0663042058 -635175.5245152698 -83104.98702440271
-11769.388539613457 -35291.43863181157 -44711.60107584146 15473.796336850035 730642.8932736164
-21289.96349056071 -1622.7160609545244 690258.600479479 847978.1870427236 -162960.92285693216
-6669.492265302382 -29952.240905180646 -138806.3469893341 860996.909805882 591885.1076978471
-51098.99370186578 -61951.215458484716 255271.67320609489 -983626.2760619656 -50132.812857295736
44343.855086473486 -42313.23738023154 -249990.47958953737 -813285.0232520081 -163266.59845658264
18852.46283267658 37563.292360508145 44116.78933172871 -563688.7908566706 -229055.02248303988
-9709.920701093783 -10698.524216357604 537851.2751626412 151991.78598956089 844022.0039019575
-5406.108362229861 48250.97408034366 -78756.81016995315 -494661.0194927084 841522.1052562541
-15067.711144616944 32323.26541329887 609275.0491389635 -618891.95377178 -394040.60888821224
5118.400647276605 17080.933645755606 -20307.027524700854 88327.84406588157 559559.7831911496
35125.400448762055 23523.407550582357 757306.7392999774 -453513.06574468885 577341.5840192945
-2371.635320842528 -52225.04006840869 -201888.71322461183 -395781.3859487475 -704479.8204616427
52726.44905498641 -30015.492591191258 -370623.4080165711 -191764.9550142053 -443795.05941095215
-17072.07776840827 34645.83196702224 86523.16881247913 709253.6279476425 525559.271735976
-31845.210585684545 -32257.239159830642 240030.4568663165 187560.24314909265 -682840.6088482258
-36040.90324548363 -16212.891215095908 888278.7105601563 -58411.61540069012 -735033.0559067382
51792.21112925868 47671.43676095999 768756.7819499555 -448713.2235350952 -37807.65558769158
17460.477875777826 1814.3185941185948 852551.6799270848 194965.80124892457 -532505.9693111813
-58927.98001836274 -51488.1222707963 658469.6453317548 569171.95226167 779186.2593009612
-60520.17707593553 -48879.85453593978 -238354.98297449178 -646958.9738026005 867042.0624917711
53738.84694026927 -36071.84467797425 202478.46435851767 860826.5500539476 -815661.9985926772
39096.22015163067 -59739.72521448182 657380.6957813334 633792.3530518331 -188654.1429808772
-43590.92742569363 44296.009701329094 -761625.5925531747 -687989.5919335852 -33262.09256694885
-15385.886910930436 -42592.18270763868 -18732.123532307683 -356765.2137208512 -568217.3638777798
28766.863049791486 -3675.08714193615 743782.0060195015 4984.200761629618 -515941.9485576422
-51884.581930891756 -5128.267556831866 -688783.4987578017 -614400.876012689 -785710.3402334058
-28666.819352979626 -26051.932832143008 -264613.093743947 -202320.86954221246 502344.0527946281
-43032.115184055976 -16377.965295345624 -322180.42527247465 510005.85919239325 714390.8479980126
-1867.8229823579022 -16070.148209233026 -110740.44035632326 264025.33689153986 -86215.73823866609
54486.81894177204 50845.384128009246 431939.9602906301 770007.4646624548 555380.7391545512
1103.1032798303495 33990.365142373645 -46166.998433599714 874378.7520252366 630285.0575086519
27212.964671206195 -51212.801255287166 456042.98109755875 -122466.04840085085 -912463.5405801416
23684.09159844207 -43950.59947673393 -241862.4143198001 596256.2070629157 4515.441085927887
-40614.60953901411 -28884.384352552952 -549710.2681422656 -652589.5820910509 -731327.0285930203
7310.737761069802 -4046.3432497339963 768216.5986857102 -101818.72641363787 -93935.8488201889
-26470.486836041906 22780.99635189258 503669.8728067705 148287.49012183468 -176339.7090908907
55786.772316943505 -54352.53453361374 201555.4742161294 -611569.0008044387 -780554.4274667635
-11866.055898037695 48144.49066491965 -66244.28657923837 -426772.70642106957 192300.92412943183
-55668.2686817106 53498.49067470795 246496.41582226148 -439072.49654180463 -143503.9104657725
-2258.919330741206 50101.95799368233 132292.7711844535 935311.9328503283 243153.75055614812
56865.67159496699 -4707.659873936194 473997.5666896615 -225235.60373029765 674772.3448873763
-25614.79869109625 32589.255964746437 956972.0141012303 301826.4605323225 43771.10072084726
-60660.30108226498 -16510.17199149588 -561721.1861847956 -248366.65863834682 609065.9262015412
-8893.890057436103 31372.77504710424 -91069.61654772807 517072.8715133914 265707.0550876991
32321.167246805577 -43019.97474005865 -965773.7708512438 908878.2070503936 -386168.64966309676
49345.96896506485 -11205.910277896255 503121.51904060855 -504569.16474810144 890928.82066535
-17992.723580945836 -16156.492902180704 -598615.3322829861 -941143.3510419138 -514743.53469238075
39487.07269778734 63610.64572028766 903450.5763312057 -928074.2568157901 791384.8899296043
44298.04849836588 9250.376890009473 268173.9189924544 -364865.8247207542 172892.75685706618
25405.31566848312 34189.87784769572 -339147.94289138867 -597332.5116128756 137039.4743674749
23697.450672535255 19754.441568846698 -789067.9030159463 -554994.7018426929 800738.3327592087
-23185.170710308448 44590.57561796025 -688814.5810938189 589927.5521911273 -902514.9543400293
16733.66253914681 -29191.57790097699 270824.7970667188 15660.03972424788 964489.972392237
56637.20042105937 27973.421141686602 693826.3735283178 -748874.4834998508 -323869.10649563535
22887.63399051776 10214.183941596057 511787.9348546164 -736215.0884916105 -467760.111352384
-58324.20342513753 -26657.30000797857 -17775.87803477992 439460.71114243823 361485.7552677458
-22849.58410097164 -56919.71618499137 -920283.0537306144 -965573.6776225929 -166608.6739478245
12734.809470836903 19973.435598627664 -249858.3576465632 796864.0445110784 688157.7933897523
34557.443726536585 62933.60582723674 -44276.8530964182 -266681.28357248695 459049.84506339603
-28544.384568052395 49882.17274373135 -82963.19016139524 474691.456727911 156672.80263889604
6639.382842877283 -62106.06207294682 670395.4481355615 330306.91690775426 805503.306495447
61856.189442530216 -53489.54124861576 295083.2295766112 -549820.5781803925 -183594.01138224092
-3605.234966992197 -54193.37850901195 -665274.8850543109 -445348.09948233026 -686248.43915454
36136.912732682744 -50537.19922328387 -307845.7885224086 250050.62642970448 234329.2266702014
-60039.24220603869 -57161.56112272621 -504024.27624665113 -412381.16156409157 -609003.1292397776
-4192.78296394377 38969.21784836857 25066.757388971397 -617990.0876966901 -21848.0111943793
-37698.605601923584 -53277.63609062573 -340768.722897385 30787.775719983736 -877570.6186255508
-63640.878690783225 -43819.59256012716 -872210.2585126387 -976402.0449338849 -72019.09025740472
23455.76262316035 -26180.76159425704 199727.35187259107 11320.506877922337 588698.7562861815
-22873.24804614509 -1160.2010392950615 957624.2695208988 846836.8596109282 466710.00982842315
-25148.526917884272 56163.393338757625 597306.1028283266 387081.3395590889 -355583.93347379356
22896.407562057546 54670.131229981445 95663.67014236911 273760.21420212626 -9104.78248701652
-62737.69972634145 31571.103404537003 -840331.9529127541 -604540.786736472 58874.279238768155
-32561.810811788266 11451.064776641331 123581.70433295844 -103588.37236063462 -884728.008098365
21337.23917841204 4705.805130036824 104542.36933901161 -889797.7336884935 27488.61836643447
-23909.26262616161 48341.515391507026 -253023.74938127724 769575.9919210894 -592267.0154747878
-65260.116635929066 4157.445405212711 -496995.9584885608 -515515.00879070745 631858.6265471149
1784.46718898986 6262.43605090167 337838.53267077636 776416.6785885084 29754.134429195197
-57212.91130587549 -60223.32345348399 -827860.5738858354 -294853.48968840425 -794748.642642888
-13709.94961430959 2492.6185436890228 421541.92423687014 65518.462373288115 295646.7787103788
31144.03579115581 46273.48435296462 -863305.6721195308 257538.75919942185 -844410.9673170139
-34659.568340656784 -34397.260222433426 397964.57826444507 133599.85207404173 -993494.7880481966
14301.599474041563 -15021.919182819227 -581849.7317965134 803415.8008185986 876243.3270747517
9575.014784759784 39801.24517688139 607523.7729835405 165014.23880781396 -283152.7746931035
50424.95506896342 -20856.858124072096 559734.245709917 -801496.035272721 761468.348342217
-64857.53842548971 -18956.98985344988 538260.4565708395 -95912.90833750006 779054.9058231018
-33526.62692085242 -42880.34608730792 -994674.4934194036 -398102.2921386119 -315386.78170190495
43369.47634680703 -24569.44082717164 -343932.9210118536 -82176.26528076187 734104.5535932386
40763.330980941246 -37092.81392473851 324814.1683742937 414523.59908717196 541501.802196718
19416.72151752928 -38446.950749004856 362338.99065394164 -256576.03222261404 548915.5511571416
-60771.468582482325 -15751.50209888471 623177.4649754844 374877.1823663707 671836.3042205072
-60016.48822417736 36228.05664546386 961794.3290193994 599651.2007226273 443886.8806519513
-13112.639456407458 35866.09187937727 -542304.8390478888 525192.7345007982 367024.4014882003
18489.30998321055 1682.7560788079572 -888669.6508124579 -661172.3524311874 -890470.3252211288
4389.779479294768 -35228.58282574212 -401394.3133268829 744015.9199629682 864760.6419653238
-12776.771431893736 30756.369530940574 144499.6546859555 648422.7540623713 917200.2088735702
-25649.304422567962 -42656.47387164325 202655.511436078 491295.5865683097 -355677.05876337015
30377.58424470933 28113.897246220702 906944.6475083577 -990881.1167854646 -966355.1179669851
18074.249197998215 -41842.3961628322 -469102.3270532944 -30191.751257684547 858453.2210695187
-21877.88293771987 -45984.31044799305 -97606.07149017183 561463.907313094 234505.7455609839
35840.85877952716 48945.03050690729 -763667.986173155 539524.4042616112 -857670.1808288338
45297.60178685887 -21795.167179887532 530654.9697065703 630921.8418442737 209989.18611153634
12850.562682760647 17629.53624831741 174989.42811812507 -224934.38189599966 309290.1326690791
18236.687357783987 55427.380603070895 807744.8804425809 -408272.2936406513 -799224.5871858994
-38663.97249857923 53614.267193730164 -791937.021899315 -967082.5690488172 131436.61257422366
61114.955447299915 57500.664894587215 -425212.1613204678 260787.7984132236 -930170.9807630869
32444.679935888154 31565.26139102342 107478.81758107385 -215967.3853036617 -253927.14062083827
62004.73435848806 65092.384209480704 890764.2636229182 771765.646231523 73155.8331152834
-29708.33414452462 -20592.628952337473 -779410.1343834423 -242150.89123363188 -225735.32940131286
-45681.17089783451 41649.45202633474 -971875.2206473702 -161920.59252950258 -193526.62814363232
14900.719360844727 14546.24599197149 687990.087684836 -781604.9556356699 714476.200873577
-30915.279789862427 16809.943528733827 210270.7812099196 341315.36825595936 -909503.8844676074
-14422.34137330242 -40681.958599282545 339294.049149462 288831.55431649345 489037.7733773482
-55176.02921361018 7466.816456948334 559490.5253649051 475228.8327388533 -125705.96343755105
7332.915607556541 -39239.01525563339 -399586.82207521214 713652.4160357995 401076.3964492986
-35780.138599339625 34424.59009595233 -905146.1257418232 297516.38566819625 -972647.275435818
-57362.217373882246 -59054.986952267514 -314446.17057198763 557587.6318774002 503305.8109826199
39035.406339331545 -25292.425491152157 889278.979817915 -559718.4832787269 571301.6208624898
62258.37100370377 -62840.31920081926 -968033.7135601327 -659337.552801102 -859446.4920073119
-24574.54554485454 -48404.36669957929 346217.85176580865 95667.0823894476 615244.6154702052
-59806.34772487891 -6834.466031189208 -503083.7645246236 242396.19394262577 -277724.38445269444
-58789.36692533246 28106.48471050692 165617.7483743541 -603348.5788539115 -300891.3938809268
47565.049639837714 -23460.421065972652 344828.54522304493 -909822.4523343577 418132.1449936088
50364.68993475227 45892.855834867994 -477124.1697931068 -154036.11773412116 -311841.4836731567
-16369.973608520406 9685.340950968646 -758103.9632353386 -42473.25864575105 602427.6817810531
-29811.103132196426 -34084.551760941424 314299.3708863724 937460.2997538876 616966.1681054579
-57634.12734056829 -10278.601704720757 730224.7292456201 -37643.00096163957 -267233.94795414526
14586.357119614797 -45295.16121623741 -928451.0145353877 638887.7723353773 -76127.22952970269
23867.45620904189 18072.139757221026 -369729.4337892332 601401.8387338275 -794083.9271682876
56800.90417217481 -56222.022514369324 -502401.7129398135 -506542.8282439699 293218.59714108636
4316.012530463049 -54079.57721063797 -416337.4299993154 157744.13876384497 -644073.6100297254
-26659.514395189806 -18047.171805356396 -230282.54321761627 466219.5770998171 512084.4706790077
-64765.01262285479 -24564.923381556553 165317.51979188062 506542.3302276663 351090.10207420634
-1004.9101442472165 -6557.883230255495 474293.0869746681 237967.8335652894 -312624.57766362454
36086.29591810917 33088.78988486319 423255.5825978345 -810611.3105549029 962599.3469062534
7656.499299104122 43611.62418942443 946341.2661547095 -338692.0763149186 -707361.4284782211
-20697.23159410151 -11379.86742195669 166262.89585973555 314517.83596817777 -256997.44307984563
7514.542029567805 -362.6813501783763 180150.63012761273 651401.9470761986 -225276.52447303908
36206.733187003774 40303.581919302305 845848.1823448227 -462669.0398323474 -361363.14329422964
53553.104584105575 37505.66938751054 528024.500533794 672407.8058075164 648156.0823584914
39567.790125965665 -26545.124460911393 834004.0177471729 -783093.0435446182 -544792.3045211107
5559.458365202314 -58562.99267359203 286458.71064856695 485279.4072994373 -932045.8329988171
59156.09667179783 12421.398187555635 406104.72702831007 -110943.48040347325 -299331.22248693893
-13923.651829502254 -18378.35263013524 -707064.4789078688 -419620.15586816205 -652628.9312212158
-27289.977560069587 18381.078124242515 80350.42962162243 -972838.5568055478 -669788.0384343665
-12140.999831402514 59268.352389182124 942157.7509883514 433793.2992387861 340828.8433186235
28382.498400965356 -52010.396918852 -193483.5705524584 -826475.3927534146 592668.126980135
22516.06763030497 -61194.24140268774 851702.6818570204 -35869.46527396527 430340.91687948373
51072.42583014061 14160.873210382473 758002.7036259149 -520626.61193686165 670682.464066634
-46766.566494081824 49224.78018628912 166369.28271113848 44207.946051865234 967751.8807886438
-8100.31878756042 24361.42971073871 30030.162449856405 947837.0596208556 257843.46990265092
-58070.47429381151 9634.031786070176 561621.6586092261 463410.6556679362 -131845.6343210548
9830.818889767848 48052.55609247989 -9.59445645287633 -153647.90394140116 -800397.3320323954
-15177.401657446477 -1314.0481339776888 -989068.3149230637 -989510.5746116671 536037.1516216036
-14400.964674396251 18820.671277174028 320249.91370380274 -483775.9440122533 765502.6857082283
43010.22179011113 153.71848407211655 -228105.30158340186 -870020.5279921733 -857098.7071686147
-32942.042733206676 26540.48904871047 -291725.06996895885 947889.6603641165 -517085.6005815212
-10151.184960325525 -46572.06589897031 8341.835313710384 -714882.8798421412 -405131.0793859097
-18776.8898938567 -33846.99900317352 -78032.06412012351 697925.8325679309 -167107.42882124998
-8632.387096562132 -61757.10791198183 273202.7410309578 360637.71081075026 260565.9445731016
57872.948689771176 30985.851073667305 -574309.0484446879 534250.449354049 -582073.4019356144
-57900.38202679086 -28283.762889703707 811980.0822015095 -343637.6808569066 -169136.66022433608
29883.213351594633 -47477.99993287564 -65336.98670196661 -231081.3437803851 153523.58183083264
40373.74364034811 -55002.26791646374 84445.85061981273 842186.4580081771 -707532.1633768759
36748.05019719784 -28226.56799557939 -346472.1242064958 854034.8353985748 345841.7269454289
8822.418758759159 54119.655883833824 -383921.72330053605 522882.58227326954 -453137.8474952581
44248.59068925238 -62851.90582337811 687689.2096174434 490036.899416524 366390.09968327195
-48343.42847322907 -30805.273388970527 463124.3012963431 -514523.1662574339 -365747.5152804996
-10637.336742764513 -27526.042716556374 -345365.5234736779 910530.6842462204 -79357.93854337407
-14166.667160765253 -37508.965833459355 630041.3431854963 356521.9721455097 -546580.3506410613
23520.51316075909 19894.13517837992 -858418.1642665048 494178.2304052233 518290.8334244676
35986.52214642413 52251.12726157655 117086.09902299615 -117352.60065774631 -720034.202307462
-44234.77097163061 -48833.64256130147 960179.7439061559 704814.0658274323 -555404.3506668834
54094.95954518314 5110.248128705673 -664153.1873072975 -103559.04513032164 -248548.336397151
50641.52876888764 -17529.318228025484 -81705.72109372204 501990.3148571979 -163916.1334309947
-5064.1921828168415 38151.53044672556 621662.4055111024 -979111.5748519788 311610.7544363986
-25410.745419571438 -63313.8111960345 -79196.20438196498 -470623.32884065644 -371894.29840186005
35341.168189507254 25052.47036283536 -481478.0397922185 -69545.26526531484 772352.250220119
-46614.35473677539 53854.41368149212 -817618.2764948958 215486.60143897845 573032.9893321821
-18459.40241489926 -44312.38186496589 858.8143964370247 -637834.3740604387 105170.71582926903
-18545.2994850557 29709.42944334983 -658988.5275943079 323221.69160502264 197530.92625150876
50504.60952709247 5400.168239191786 -874906.1402446204 434493.372918881 398238.36771618435
-46399.42675552679 36600.76663561804 571675.9216305986 -916859.6116574088 -384362.95125639415
12630.390329334172 5759.052376478998 -845240.9761245244 525519.9861728691 -24796.52865422936
-51684.79177911238 27599.645564222315 31300.86903101299 -40823.85409835726 474942.9390555199
-61234.55642768723 -60893.00778721362 -111084.35788854165 326060.5462360142 -863502.3128264198
36740.424708929204 -24171.655964375852 -896081.211031212 -160093.882143931 -213452.61263228336
-32649.480915829336 -62820.25948499868 -610781.7676078706 -160114.3676074237 -402122.12276608427
46453.02503932685 -42462.00341460583 -524724.7864963398 821980.0008843413 664666.9036324534
8853.086439613951 -8184.1011052095855 -487438.2495267908 -930516.2671296161 805545.469668393
-3632.417397519137 30198.815026859535 -452724.527331942 -811371.7823503179 -648856.100676077
-20167.8827180246 -48850.305930413146 891626.8114877418 -347871.52769544977 77639.82629970554
61466.85847862152 35547.14821292354 676591.561772703 552296.0621592044 681401.7807260545
65369.96686754495 29001.229114848466 -973400.4770061409 -927418.9115014035 -812593.5754557536
57471.30390641022 -25933.29363346164 -962970.0338961409 -624552.3357374326 19131.345688121044
-60101.485537610715 8149.291613958063 2226.4903372954577 -49399.02855314582 -31311.113365203142
-11270.226724736887 -30164.898890985452 247125.84110487835 603991.8688980925 404108.5519354865
-53298.06746923311 31708.024034399437 861768.1605728809 -38356.77331823553 470495.72953474545
18334.663679952835 -11935.50122327637 778082.6938178879 -3988.5528993232874 -966773.0876521663
4004.913772917047 16677.190667730843 -966996.5443474664 525850.2988137782 523538.16623513587
-17652.890954519637 40251.89499007704 488478.8151698862 888729.223705729 -983015.3206469206
-21606.200317698065 -1505.1765700613032 731603.2670468972 75667.35776942456 -905109.5834405527
-22791.833120677096 30273.29908115772 331473.63268611557 402439.67709984444 886356.0919235144
44391.36805940163 3494.6433386573917 -979187.3420153206 648587.065702517 -651539.2740262756
-63749.48852815236 -36698.2618944578 -114085.1521186434 -359772.43783888733 552626.8402787135
-43249.48133382184 -38254.29036812534 -379895.2915028136 497710.69353908766 -262050.7204514906
63629.264117130515 57466.707100248444 -677289.9949652567 -224665.13855150482 472951.2123915537
46599.996202434646 -41724.19565470124 388265.4483674611 156329.90822587977 -527504.3343310191
24041.07723268376 -1179.4080559787399 -469242.2324969454 118092.77034183103 -236365.2450874705
-63680.1979930463 -31355.175362956987 -417738.01585405646 428009.75088224583 -648873.1487352604
12448.496184017276 -41934.21873039966 564994.5915975114 -531185.7658466029 -295460.7926994725
-16579.892382384132 23877.66232342992 -644730.027274206 163730.5389301814 841964.2866015842
18772.0439083956 -24058.682350869683 -430509.6206641559 836946.8761501783 847620.94784271
49936.574288205215 7381.693046515647 -858093.5645916654 -112773.23825963668 942385.378527987
53849.71033870365 -59689.7485661425 742215.4001587436 548392.8372276872 595937.0593015817
-22361.09302964488 33567.950866955434 -683087.4428834706 275160.62024675775 -677487.6732626723
27906.825363677475 37952.16928387256 770226.8201328616 986640.0544484414 757894.0899298235
33034.578114735676 -27299.349114066325 -641350.2274953877 651822.3639018501 -826382.434912136
49740.08268117152 15976.645918124836 -124067.73834478727 -861051.5271360722 622408.385200643
14608.483658431884 48894.54341420774 -323443.8727833438 -309755.444997867 -801470.3605090939
49072.052111350145 50212.14806076538 -646674.2582024476 714053.3343369823 289003.74318803195
-42459.34804359729 -64130.79549238183 -120743.63900346402 873841.9578101621 536442.4342352531
-36891.62258748598 42754.69757025465 796366.8673527408 -250973.075021293 479213.9636706393
55261.61149220994 -21239.190549328036 -544932.1157065385 -643165.581684541 431712.0913308826
30982.750005708003 60952.8027767842 -936927.3795512045 -952953.4034432578 -167953.9127735073
-7539.065814293819 -16365.768496684905 93226.34730450204 -306496.143183562 -111754.73959018453
24445.357987399562 -8291.385397438018 -316260.51630711346 88266.91615984193 965317.3545785351
48581.39139692085 -47844.99014275141 -121172.11675466353 73057.95719698514 -900499.8368212811
21485.75064790118 37962.95739881709 -435108.64748139656 990679.3651178016 235675.26039521885
13557.686430391142 -43404.35882691445 371308.39955745195 747554.1651058397 205252.99564806744
39519.547568237365 -56871.87017601682 -81110.2203852107 11424.279855405213 539748.7602226837
40255.793045920625 27793.97184247199 -340360.7794187566 -658007.917449418 -783556.9146606778
-41923.59841161722 34493.32670411236 -93213.44632237393 -535362.750503203 -205176.53682296094
31360.359956367116 523.4509463325085 997360.7531267384 -750801.3720108713 -615870.7121944691
33680.747568544844 -12045.036040786028 138465.1765620932 -996050.4690739056 883589.1684468247
-4633.408608981015 -39828.02015670261 -371485.50138949044 -360999.734834331 822467.2469402512
17333.700889685686 38235.44597844286 -735158.5489781373 715555.1668486081 42892.92881572421
-32762.496712760883 -12565.098888480818 -435664.83803694765 -20628.321371239028 -327182.23596135236
23569.465546181033 -58455.90111761504 -355294.6538442903 192490.09575680946 186055.28842070908
-33980.86876136302 -44213.95333371362 891699.1082900725 971109.9838863036 -698457.3975425337
48800.7085141564 -25028.35942443066 -15762.279941025306 -501581.85202723526 -375132.63638806844
-37710.75530188187 -19729.533622713032 -248714.12609436666 -634715.727150439 -906951.7384379733
-25612.4869746358 36423.02209822599 92760.44065272389 -497627.8350071519 -849910.5378922673
-33025.24295696526 -14212.583149688653 822965.1866559775 -436828.07593279425 -546039.3707370723
-19760.125047856258 -29219.20971913352 -576535.5286290736 -672437.9660976842 -637015.6791391437
43952.28921543383 -49144.8738667686 658876.8218461941 -599385.5036596113 174856.85443105106
-20966.698118449567 -44014.28336870688 828034.8942577848 395483.96261444385 873352.4651548581
1755.8793519566243 15182.077644302684 394032.60329101374 -11876.05682193092 156768.19723967882
-61752.10696382857 -55984.49986526018 172839.9658070975 -135018.4104003471 -204603.9424529213
-63843.8339461718 -42923.837847602466 14418.355537138646 74140.91186269 309317.0457856809
26383.93919050695 -30630.558199850668 42918.743110254174 -339647.5461548178 -49753.07451875135
45746.261064124745 49050.61232281737 -99889.76476501592 -368203.7438765506 -278340.97575058485
57162.96771591749 -432.4679609697341 -211897.95256577735 36544.728460802 -463652.6704228956
-6383.991056375147 39999.84477673628 988993.8589203283 50450.64907950675 -315195.8985850989
18085.819606200486 -38056.628421835296 327861.3063348271 -906321.8283684953 -207035.44027911057
-23288.19131672212 -59278.85220403515 -86175.03389477846 -602158.0184974836 606070.2015325399
30816.462988005966 -3679.3642399944656 567171.7380380842 -487373.45228919084 874786.1521618832
61454.076587797594 -43235.903072052446 753567.4429361366 -467978.90105802845 -824904.747883757
-35285.45172401825 -32851.92284804057 660353.6158143524 379823.7116245115 702905.3639226577
-57010.056126739684 -61644.27666314035 -79934.27215737745 68720.289506495 -66498.20087344851
5419.513965371414 679.0821492428804 -731171.1673740726 -460577.6355848202 803497.3036650314
65420.35524341196 -28904.976827386534 -246887.799339258 867326.0192408371 -115154.97869178827
-37587.3480453231 25810.40457082649 853945.6991358222 672634.2222497063 987327.0150857477
28515.525063938592 14659.760764192877 847189.6637132028 593769.5775549149 -806293.1112585445
-53423.87912609048 40602.668586789034 -207231.41371022095 -361150.67945119494 -111681.34483245586
56330.47011801838 -21789.846915162212 443544.4236560159 -911115.1199809014 -165115.99960996932
-46434.865205605674 -53921.40845184091 37255.93271379953 219570.8564634351 -556716.648283994
-65370.67215861629 34731.15233059584 -23375.66419268539 868202.4246609057 -943091.4083539392
39843.7045757578 -41417.03148294662 820981.4406447755 145539.55336702685 -582059.0263490158
-48142.704472295314 31088.1178119876 -3103.9895474016666 635309.2270568698 -579451.2710208166
-64713.06512542491 51136.422882069994 793689.4399012632 -250655.81301735574 346732.10705548525
-56751.26376220677 -56029.94213861703 -930011.1395746497 -250074.97184892325 716640.1725794584
-39791.45521651849 -33297.897103414 -767622.5884459793 -274016.3769185806 -430468.72525560297
10030.972599444533 -44387.50514759924 -303215.3605539501 442317.82516137906 -69211.5427666062
-2429.810219819803 -47000.83630584559 -468829.26500803547 -95795.6599605796 618712.135125855
19710.711430621872 -28723.128983081086 229080.34816944436 -188211.23038255936 -729753.401099303
-21198.74952816959 -25873.820557663435 -147981.111942088 332867.3788239404 518897.1650950145
-17111.328316909974 -61442.727329797126 -216640.8682689292 835521.800108637 961618.252543227
6135.517158840419 -18342.603983893845 -478823.20736239257 319674.88073915965 770951.0242785292
20851.875496844863 57013.290037016224 875974.2021123739 606063.9258754225 833368.9671948599
-9782.107349432423 26554.480104184753 -620294.3274317905 -680858.9279111925 484202.56580895116
63934.14843308792 -8655.019412458467 -725581.4903468448 492087.28847425035 832200.3107548773
-45541.23160024869 32791.8807705691 -426982.663956293 -304273.6503473496 14282.150043949368
64594.97673643987 49314.26025311937 -289265.6742877447 -487488.07250005763 191195.21078928863
60289.67412449246 32680.806768851136 697943.7874209543 -705044.7771073265 733.1165084423264
10447.51182690404 -5056.518325216573 443817.07234142395 -397838.41834854067 397542.40294000204
-2951.366256540743 -35672.90561092706 154679.03879540158 82341.86974705663 569643.4216132173
62369.05474855463 37611.69518215337 883836.4959705616 677985.8743828179 -538283.532400678
-20426.008688752976 44574.956646382765 -499463.3936299122 872453.4517067168 763126.3520453051
-19075.532426955688 41205.52409911448 429878.00864671427 -307914.83676540037 -144723.1448283901
-1195.0756904178706 -40314.1418870513 -253738.7380819884 -688186.197198947 -272380.1004541955
-40938.87715021557 39245.74509227443 -989613.9488905158 235349.98195570195 -238261.20540304482
-11797.235534232052 54773.64233855123 -25807.522668459802 -32288.724741835496 -600145.2931587787
14002.959332421757 15408.377114720482 119163.37990477262 937342.6671949436 746746.4377353722
-9730.537858909316 24823.529172086055 -573382.8404788293 -336546.5803308125 -492774.1000510237
-40973.3377988413 58705.9238427821 315284.67232301016 567348.0679601966 -635915.5669436267
-54816.270023399964 46818.965418819556 731469.7413869125 -25762.930090361042 -625103.3413594654
-21861.557149167696 -39536.75615477956 43098.72096915485 528684.4310554473 239178.02707320522
-7064.905358279255 57451.7341442937 671578.3184827496 -882396.4904900104 163544.74250444933
-3988.13560521428 39742.0296227661 982354.5266648 607604.0826463688 387761.7289555443
-48040.41202037288 22045.78293465436 419645.2673833985 915064.8833280879 -868388.2071800084
8560.31399429086 -53992.06569048336 776461.5005882313 -580019.5677080159 479722.877821947
26469.984016270406 28585.819829612825 -572901.6714706474 -863267.1666433527 405736.02187470533
63134.25136274312 -31482.46803030712 -402654.4622214197 -988079.4984519453 122135.12157084513
-54110.0500348662 5846.063972538628 -617776.3024467992 695591.1218582692 -165898.7567758276
12414.065064546943 36968.02727652139 75172.32434335584 244792.46457620827 292376.1183333057
60034.77410970129 37241.770834822964 -726501.1505130909 937703.1817817213 -559824.1515208231
-1064.4085927303677 7851.343094665295 21330.87549894699 -441029.050468883 -977682.7365929568
-26809.34119775986 46484.884500315966 -761210.1276993963 884760.22532819 621249.1513304722
-49706.02400281081 16382.658207309607 -463305.0210080674 -550704.0431568739 127701.89051065687
-23235.513733380707 -23265.137389325522 569641.8142391809 -253551.56536459608 579539.2623552955
55494.45165323297 -19631.181204897148 -916879.0571829121 749798.1761672804 -709791.8838989974
39966.643367130135 38482.90766910065 219904.5934952472 -869491.0414385977 394992.48402197356
-58313.813723449464 -59755.72335966598 -264907.6884707704 480060.6855358775 828499.5607820742
-13168.986198166036 -18081.63477479994 348328.00606521475 299580.1350132497 561522.4138120038
55634.22551694655 -20269.249001780307 142053.50270798267 645904.3108218638 -766705.2681552479
64504.72855304959 40656.17075534811 569286.9772757452 836669.2665514362 -969288.414542121
-48184.746384892234 -35392.897236416815 549261.1270433674 988643.1027294926 302422.8919502804
-49263.68266683686 -63574.54136256613 658914.4242855615 -161252.89849131193 -829646.2873524688
14648.691963505305 35697.20721954203 -720964.9879033022 -543890.0976653339 456396.73360540625
-47041.99925277138 -60903.93073844114 385968.2317641454 497259.9432245353 190092.4795443723
-14076.341499071277 -56223.486549946465 343397.12692742376 -890727.8009678592 -756213.915346354
-40589.39442185967 42290.90161206611 696319.3942815657 -324037.13982942945 361631.7720173693
52157.779264276396 -38871.707806822844 2941.6245345528005 394100.11023125425 -184744.30831377872
27377.60716993407 -59034.04089392656 408596.99462328735 -911600.4813716218 637658.810076368
-2236.533684574635 38752.3854554508 817608.939093817 -783807.721411965 -340434.79754991026
40100.76032763376 4586.1097111952695 721454.0178398318 -180130.23040129791 125692.53909490397
17268.612791246676 -27860.565799117147 680484.2583377119 -205682.41070869658 418970.6177620976
48726.03267648212 -47070.74500244549 326008.8491485743 820484.6536900292 611705.5983715069
-19205.490267175614 31138.393209133646 -926804.9220300408 184438.0127928292 -85319.76314844436
-48672.0717783353 39017.75611536187 -1116.1385309541365 773663.9013803077 -593672.5994147332
20004.776255806006 34994.76654067995 -704165.6210284943 -853496.5432343038 -434515.91671608575
59341.54084745968 61238.29820137378 83149.35992832249 -818793.1359793448 -124474.44711794623
-60359.053809713936 43228.58085758514 -590110.1043245192 374834.0938380214 -972044.2776107559
-12083.849560907009 23360.72470095445 -678531.7842045781 -959124.115244348 429611.87565340265
24363.86290151201 46549.04844135296 -844035.467136468 -834720.4473190072 -8930.234758565552
32154.262994607605 17711.62209581076 784133.702737292 773446.4251317158 75325.17379765376
-23033.92864424207 -64280.739086894406 -207089.3388673038 250833.55161504913 98526.39137492422
-39605.996650151574 -11185.265603335763 -905858.0452045399 -279015.4488255994 324604.7706152061
22531.95096080062 44875.099992857824 -930723.6785013216 -794626.8836850405 -289999.3065522064
-39234.541196466584 -40196.791925582 -523099.0977478891 591833.3277199359 -136051.39931671112
-21384.439462876195 -9909.4694037413 -969728.2067124158 -221234.91322202166 224632.55101893353
-48788.997487989705 58005.63004365421 -674982.1644929948 807598.8002417001 -876435.8629945313
-11581.235620701118 14908.376083018724 -416576.8138475205 843048.7432418291 601840.9578707297
7438.625003674853 26778.996146612175 222422.67449712404 -366036.97006314073 30251.3729577458
24235.72995451746 -13678.441320855884 578160.4704930258 -450078.90351350105 -249079.44061157503
60199.198391642276 -23732.53674554592 842053.3815080356 -549463.7698607773 533365.5824773505
11240.506098307233 -2401.506225967867 108347.83111747191 105204.99264717358 -317911.5601753426
-51636.92320427693 -22859.654999429127 740752.2008339891 -899192.0352261034 -761557.8646697159
-981.0211917484412 36937.28427400571 331889.42559298826 233276.61871253606 -416778.6473001945
56704.65394608851 56897.07027294734 555320.9965303764 785886.2714366263 745243.5735921222
-49408.858509869955 -54304.11341376284 831377.1181473718 -128175.39636630635 153878.80792271206
31032.323996675274 4397.371010826697 -759731.6419585061 -361557.5328718354 -131771.25453167735
-29370.496546079637 -51548.607726968636 -878428.8282337934 -393455.523687507 340039.61824849155
17106.007235337616 36931.851723830856 243498.3305430021 905590.5693438181 337898.52544056415
29364.969144217364 52388.649052631066 478608.8984536908 -691374.8230234587 986966.4259942123
-65092.29681184943 -4920.576420812562 665778.0391102638 -556907.6852839061 368399.3429849879
-42865.21305583262 -40919.30512955229 -495704.04772359587 -558927.3739299444 -113295.27858896763
-44115.11295149186 -52307.80972811318 -946623.8546770775 -734550.6545641674 -288761.8511389656
27025.841564997143 -27004.129080601182 851048.5025541983 217432.27032591123 -585340.5649904155
51564.2764639988 37198.1823121966 -39305.57380450005 476140.9920090751 -304984.2428996039
-39059.854820845125 23089.887030739075 -639884.9361780386 626722.3771369578 -925727.4817536991
31924.26389238742 -37005.86901169889 244092.0175215539 289651.7273086074 447048.40457129525
45523.92542256352 20258.40891267352 42715.866009583 334838.22228544415 144592.80004014052
-65116.45016167886 13383.058045585596 -699597.948867453 -852649.5315599252 -530271.3280479826
30440.136520791828 -5311.876305206664 -375740.7343353827 -101335.30002411245 79764.84151133429
57536.47406436929 -21894.50772773163 730077.3331438231 800484.9043207038 282373.9728360856
-131.46650210912048 -47357.77527660111 527892.4774772315 -268856.26440248895 607028.8289383352
-38926.96630771781 -53252.98368136077 -54157.32054927538 -56156.48520792485 458907.1443194691
7594.701395030104 16148.083641367484 -695917.3020852054 -267021.30011790956 -641146.258281358
-5230.547630634697 -50074.68839031234 -59156.06107709848 295983.377616656 769542.5962483399
-15738.626719009102 33188.17565985523 954558.0199538702 -132062.24294102273 23705.31731744751
15690.935203533503 -6819.136879327605 659680.4134904717 -926223.6903425929 -967267.8755756578
-33817.27133438829 -48320.99423280849 191189.47163790208 -390176.3129592319 -785110.3522357872
-41514.293878179145 10036.237954752665 279825.73556615994 -799760.2502000676 159194.22290953482
-48986.9973177332 -45637.53403481789 -401365.02274267015 -788127.9589398269 -328072.9554599981
3618.0814967698534 33536.582906302545 -695349.3949474024 -119078.46461877995 391843.36678653234
-63496.47037679043 34732.88749351101 -899438.5012358155 -946249.9826451163 -686213.2034291776
-18884.304650199294 11059.682446392617 177029.94140426302 57486.10269769351 667353.3264892111
-53231.073368256126 -37637.66386166349 -642733.8098674796 846883.2544640659 263565.36080208607
29102.21450520969 57126.601321673326 -6343.712683709804 183594.90037315106 -807010.4076773805
-31807.208569475144 -34001.506817469286 -820274.9858158409 -286203.94996454765 -183646.01425135892
-13127.848972349238 38285.22688507949 -949745.4964051615 799814.5327305049 118132.21134901559
39827.52720162636 37402.653033639144 895829.9956995794 -769075.9262613263 453249.9078185633
-57337.47582963543 17147.10293718752 -247757.39851160045 298124.7456567143 -714663.5112206106
-32123.389505291896 2017.607616139925 -735883.1782680395 240201.49787658593 279152.3406739293
64758.73850946939 -35750.18664596442 -147471.51078672265 954747.4607158771 -850268.3495073165
-1578.2518188429822 -57839.42110666909 -610025.35621271 -62703.91167610127 411520.5274904263
8905.159068255874 17677.875927175948 776947.4957631705 -717388.4103369481 378566.8190706121
46318.5468916293 -29321.979560025095 646815.1255477513 -102895.98738505528 387192.6343814826
33839.20373494997 38618.97609583897 -376564.3255962512 889260.2569989949 -252471.13917399268
-55097.12078661009 63766.48839694209 -768806.4218915743 -326979.37008454534 605838.547088003
-16780.134290563612 14229.518418118154 143081.3094413753 71615.18019160465 33716.30236606358
22466.404460144477 57611.191602720515 1195.1677241279976 -348593.3613414563 517188.5457626623
-46380.4971441181 27364.166114618332 -97699.82435791881 524359.8684450481 702584.5834856033
56388.86837519394 -16437.420293404954 -363113.0897215402 669823.3701872334 -648021.6218668323
12088.761172021055 8354.222441550635 -394663.667720321 -746194.1727442392 -677233.1875459579
-54893.97864135528 4299.664463874811 -40470.585779732326 565139.4423163044 -106098.41269973712
-26990.230207391272 -22436.546057773143 -423735.0787736658 987567.6166116842 105976.23413591692
-16894.198593327324 35718.08924479771 713629.809486148 -22726.805503575248 541661.5381734881
43992.64228145244 212.93627277284395 229672.4001966354 -827351.9139153347 692544.7752641472
13004.13237884079 -22661.367358099422 -233442.6406445247 824136.4873711574 -861473.864295441
-40413.715575338036 -8097.793078649178 -914352.8310191118 -589989.5296090476 -790302.1425939547
-48623.509837573016 -9283.341388034256 495138.9863131796 -613388.5262082599 -134156.10472338414
5737.4445611866395 -59316.567843669734 -245272.41631584417 -72141.76399618038 -19713.428104513674
18480.566961390476 -16106.209642805668 699735.8227582846 -408212.51225067035 61400.28822656418
-9915.316104589525 -5633.613724845578 -755992.6576358544 -526295.8087095658 -530548.9171730748
18545.19084602462 26418.59284326389 704883.0196548125 -496962.9790244421 726043.4626158788
52797.02087995973 -37732.535954086634 595039.2164268293 442871.66524895164 -806950.3252570103
13484.407699844262 10538.157182343668 287885.14484438323 -136672.92597214377 673333.3613763538
-49150.308171515615 -45201.567771542104 -950339.6729050126 879806.333202224 -567028.3951637489
25368.979978226896 21027.82896086591 -838642.9980158447 92595.396542222 980027.179715158
-44676.49447309649 -27987.650346228707 -670603.6564738436 -625214.0777034147 -636586.8156018382
55281.587855340375 43382.25545784674 -809064.8368681708 307181.8950390592 -560020.774127808
-56037.39358885429 43609.99171888323 543730.2720650085 510989.8624333504 -618338.6827637485
4451.231162232769 56042.46828322977 -516646.36729949166 544532.7011551058 -838051.266173756
-17730.632594801806 45484.904086872295 -729946.4134404319 971538.4583916783 698754.4653227234
-801.293233207165 25855.828772378125 -534649.4866683611 -709857.5749363229 -351790.96458889125
-1437.5912260615587 -7787.0380061107135 907599.7135367051 -843574.8562372209 73648.00644702208
-20983.72355128375 26668.441203601047 225007.83237811527 172289.02542935428 104206.19960314664
46264.12395903302 -7083.575361178344 478406.981842614 -581447.9423883436 -496177.3902370492
11092.694411385586 -4885.919737802251 -157713.03048565693 262771.8547678008 -544138.7575473352
10639.333495067898 58181.23020685751 -306295.2722509225 -499788.44365802465 752552.5997823277
27659.25037376328 46208.47999996331 -41294.67123606976 -628111.804731227 206814.64130515256
51607.53772029214 16050.431574216025 -887728.8018143062 -686026.4518382808 -711334.1399487499
-7415.1790031743585 25287.79573879861 -831021.3911823651 440300.0963028658 488027.1885412007
-15773.60682661424 -47939.28439446686 -897993.9195850035 -220801.8135277907 40036.71236048639
-48780.68221006094 -61612.99659117039 792068.0218969448 -385758.5168350481 -485898.9849879407
-17950.48367802266 22048.024952714884 961085.5863546818 -153044.5502579864 -86708.3740505121
-41615.75745421124 29015.081923754988 592853.2691228678 -292635.05600240186 -245791.31664332096
18182.427229370005 -56491.15052959448 -423706.8149958962 -179009.47594733036 -522514.390059559
6532.801684475358 20715.31227975055 -50498.957839099574 510031.956566626 -615034.9964986175
-22074.137179169193 -24497.00818160463 803678.8828072811 215956.1116389169 23562.062852564617
12509.169810786727 -56015.700771787786 -140748.47507585585 801209.5216316909 190644.9023307527
-38454.42309537463 -61626.65447679808 380063.910144486 906018.7200848996 254074.32438688632
-51238.32926004364 40826.25249212452 284034.97719352855 -371909.6977115052 -210245.04751756252
54347.86417372817 34530.367231868804 -551678.2974368653 434240.9465068239 559880.060406683
-2370.6739965114975 -59516.825635278874 453303.43407980213 264382.27346374583 538601.0157174515
-48987.73850159587 4735.877204106364 234012.65872634365 638388.6138648002 760786.3529078634
43775.36544166342 -39781.594331726126 608116.6576665589 778734.6823148213 -924773.0189057785
-8750.164375220062 -14111.40077441682 577501.8671566753 -486083.582753742 582585.9149611094
-12095.529478238037 -46944.43571763196 927366.8733003896 -589565.4736675635 362716.6263465071
16147.6122767864 49274.34010406949 -149180.0914931536 -695359.3014197577 -380999.36353868386
-58179.871264943766 36263.31591472546 832420.7126109279 776668.1277995196 -779132.0909833348
34066.236260643665 -18339.167848069425 -7876.430246012867 509285.7716508426 127339.6935877956
-52654.98821467733 56557.98601077548 771598.4377518152 -644502.7771567544 81441.15904078842
-7021.277857105801 -31435.82218909444 478602.7264464209 120060.30712979985 -554448.9675729556
-7995.3766055824235 7115.788546586089 -862828.5182946589 919807.5599718185 256531.70945381955
28691.147507491303 -8230.389566812068 914737.4643212063 154175.78674148698 521365.0308249064
40494.78639299562 -6844.396001600748 -211609.07931530115 446072.1033610869 -268089.7092697794
-25148.31243402556 -12977.81723171653 -710349.326340175 -584816.3205348512 -505200.56672228477
-16725.279977226077 61489.30848004314 -170824.5679052407 -83976.76477248536 -926200.7897764428
-26723.809527129124 -27821.5753131182 771491.1961321412 799492.609405088 -729634.2531802827
55434.62421838587 26123.52086555776 715029.8735635185 925286.0874823644 -646878.1946341214
1544.6953414492746 61862.67691893762 146383.35830747662 277578.35507313884 -774285.8664335819
34394.863109453974 39630.59986824458 728524.0607316378 -289491.66653690033 -595823.2765712488
-43033.09799490527 28563.157044479914 -784569.6527890547 44648.01830766292 -479803.94098729186
-57141.07025268795 50775.325448474 254440.30302184774 -622765.6963208425 61290.433495881734
-48976.14942441802 -54268.62292636241 675134.8373620857 -181111.13982992608 -956443.06058235
7268.16880810642 56290.56115731821 835215.4581496869 -786852.4318479284 -570696.8315227651
42250.33538472057 46490.0873827607 -404078.5656501269 -260259.0911497511 -445772.62310610164
-34379.96354935602 11357.656943402704 -215768.09297943278 -378096.78735392005 455353.6994327237
22676.536754502333 11874.728196602708 794833.1951037266 438137.9154260482 96783.39350060909
32300.338704555936 -7756.288572281497 816471.7359678806 773205.9036720551 121898.5292570861
-55280.0040590165 6738.834607519573 -262741.86962225253 694087.3478247782 -201688.22460270964
-29720.036993422764 55547.36755307944 -990650.5329404194 133101.82637632987 -543494.3006449977
4761.210925756706 17359.20983127177 136092.1762094989 -53049.83742284367 945755.6995909144
-26355.157460588962 27889.07883548994 341561.8000100241 -495181.9831925619 606825.0579207258
-29734.969004425147 65401.366307197895 323819.75443418184 -864500.5569286013 -143271.46182007855
65253.25535185014 -10577.181669499987 39316.570070520975 -942635.7309926529 -220983.13192514586
-38711.26771668492 -12503.151999373309 -385705.76551643177 388614.1392249067 -377276.452475316
27121.195473237603 47254.97670991655 997371.0012106507 35154.42136785027 973256.4989518805
-46808.776685313875 42043.32853427116 309538.1755591775 758830.3329631377 852500.5172545388
4512.438513521251 -59548.39051456937 -828976.9171136257 -545890.9354827937 -233724.62418782595
-14060.317747720488 -12461.21471654001 207817.7909126277 -466591.70651607634 129025.3039112438
-48472.33762543881 -28407.49866433344 41263.59860733 -636914.9192596624 -713301.8761308591
7893.471737760148 -25440.830774558606 758656.5337067163 -591163.2275846577 326594.27861013357
-37033.790354566896 22397.352173968335 -533937.9151891061 199004.4058003903 822717.9373738803
-11557.01931894847 -21239.50013943811 -6256.202716546948 8800.49318850704 -786330.3823896406
-44442.37754114106 -10382.186510428946 -748199.147018139 268243.2152745323 840262.8542389218
15729.347887404176 -63811.008685928246 450099.87678776076 241915.3188258463 -474494.417564846
64630.90490838203 15785.598011959533 -841714.1744073043 -19978.362078249687 211891.0887794022
-53713.676573310266 -56080.3127560172 555585.6844645631 482274.1283115735 -273142.6886015702
-30046.675416122293 49218.81883186888 879636.2828120089 39901.84341146529 -917415.5931945593
1232.9927906418889 -13922.655123723714 659653.1370426167 516579.4921139444 717699.2108416026
-14859.149755058417 58903.48649888586 -81430.64084927039 217734.2154516012 -229488.7315685514
41404.353434972 -63726.298686936774 3791.318057390512 -259399.01624623477 274625.1475275613
-44123.357585677004 -36809.311833347194 3400.456684317789 507454.73009772575 -620874.6978059909
13516.33507995466 -41762.94694030199 848210.9652708408 -926362.8829953951 538924.2299861205
62401.809456868665 -33589.62933870092 510668.8023717599 749833.3691023635 -45685.66525976639
17582.915935472804 -17844.310839426806 -699646.0641752931 395429.8381720409 -292444.44783461734
-38937.74904080611 19141.79777872232 -573702.7012463592 393012.7670718031 965342.8020027799
14012.700645707664 42408.97816376135 -932128.870059197 -449097.7242022003 694826.5003411332
12927.589096156182 -47332.40577321389 -572932.0899676962 -327628.2464387332 77202.54220502451
-21046.612475986418 -9901.239310455188 -650284.2033434769 119593.85901786597 -420179.8969318196
60910.68692907426 -31801.485345686335 -14737.580600096262 -489352.6791211971 668609.2491137064
20206.40300497401 58939.54495086674 -137789.3808181485 -369024.38563067897 -843361.1506295071
16906.64086935867 -36807.13787713034 544826.2282436821 519624.4403138908 217104.32975493278
-51053.95409737264 -65104.03267243013 -844190.1420629838 -597129.7333509024 -791681.1710197222
39622.66085118029 42948.45559610777 -278581.90376783896 -841129.9173562303 242895.4640803684
24253.282611368864 5919.308842144426 -901497.8034013368 -577236.1596586913 339327.05279542576
54227.89669166067 -17749.98221351116 -546676.0277198502 -651776.204192359 -458602.97908900736
-62732.623159912255 -13636.462113169255 -217065.063561267 -960725.8630664168 -442551.18714426574
-48556.298006848054 -29700.357367247372 63903.45025474578 -724557.0083656239 56472.79083927907
-57241.20119482363 54374.50793073866 -453518.977117926 -847962.186352933 -605308.5576295585
54945.7175818103 -52793.6737578889 924881.2249075405 -521111.3744957279 -908456.0714189742
-40005.404690962925 44137.307131346446 130858.81332049635 345202.8043053213 -17957.933062758413
32063.656424598696 -2571.130804932516 -577549.757644278 -896979.6230730029 420680.26909338543
-19248.19990618936 12486.659167754595 -458449.91208676086 -503736.57445215737 -86733.97398151073
22570.428855868333 55518.977667312414 -419562.68515208666 133449.97952057165 -249868.79269893852
13000.86528179003 52166.146529832055 671197.0789740747 -927403.5732999954 643021.886004199
-34407.691207768294 -43915.76115621407 511.23155322519597 -282178.91331918165 -381132.98237825674
36219.31114288278 61327.68280075352 -868878.2889070546 -409888.7996671685 333477.0988193671
-31719.139769140966 -45867.037230482485 244502.84902692982 915443.1705952317 -764126.1579276817
-60527.14850792619 62842.91715158407 -695696.9561720439 788242.8139717288 -745101.9378242736
-22406.437178468143 4046.4488823009597 476416.14352029725 564737.242181683 734300.2358177858
-49784.82838354666 44481.30522231462 232874.59698519087 -143479.49406689533 -698592.8433137585
-11454.859336276873 23333.155932222784 -721019.6007513921 584790.2239015393 576142.9527703961
1416.1108416754723 -8662.443771885853 662375.5196040745 620286.7505727971 352741.5913199135
-60289.9668580453 28135.84891587314 452679.78991609137 417717.8308294774 -894784.049415692
61801.83899279217 55100.73219366059 232250.15970993647 65543.08674725029 126266.14081799937
19930.532138426963 24480.575937309753 617879.400984901 -390409.5144444372 581482.4906104666
-7076.6340304327605 435.1658087172109 907896.6400621121 -962589.2355598069 918746.4463860218
2783.3526267635316 -9157.29520671528 936467.8790807668 -491741.23793196876 -686648.1333654197
63791.19374042367 -60287.38500498459 -267048.4996072473 153360.10850401944 -865562.3389208695
-8574.455076630897 -35817.32587765191 -366894.2988986026 -253885.1271825831 -236193.0419645873
4693.872119493259 -59830.85572468735 -480307.7146788504 -86319.42298220331 -182184.92150384537
16727.83170962699 1845.4596948352846 -95934.66573187732 -391822.4523507274 640799.5349662073
-31877.005543670006 -13869.579399387658 24770.521884509362 906267.598897445 308389.904351522
-1409.381516710724 34620.10980320514 741422.3208507951 175523.25232739584 -220111.89238234505
-43837.337015164696 9495.383145381362 774923.8932235462 81509.5288893336 828057.97854412
-7458.096959542614 47070.87966561799 174097.81016122666 -814631.6104514785 375060.49144254695
14870.614079832303 -59528.519901173175 12085.58129180991 224786.79280771106 -300393.25265865924
-7248.0184043891495 -16196.15767946071 499308.5521828532 -872558.4159106672 137868.17535657994
-11674.140422996454 -14516.125505864533 -189523.49109890452 861082.0071334026 -328096.0220987268
-30956.66196725551 -57260.10337292933 -8850.342012179317 -156400.13686683413 -465458.57584206946
744.9935202007473 59464.654904409836 510901.94820057857 285120.8306499808 27025.323373250663
-53254.174624867475 -34739.28284041476 869431.2114088382 204713.18680500472 678190.2911087594
2128.3650325545022 48797.86263174744 -825266.3887018643 298209.7890297449 612103.2911446006
59564.72495884719 -54173.18815727909 164049.60981284338 -375853.31179812376 -882088.5541521441
15840.806983497576 -23359.808885524995 -502925.9226470924 -923289.5153390131 612943.7122366291
27608.56275594802 -19220.356016552425 -254610.58546265075 -950806.0582110034 -157864.8481455074
14092.123885453722 28815.18370195874 -337795.6337483929 339227.4360537315 -89578.17682026501
-7429.080005269134 -55245.85725027276 -904133.7975958528 -983570.0116318848 573116.6836416768
8224.959021158764 -45328.41123318026 437290.6992471914 -246747.0776963816 356773.4454191532
32499.404165358574 33383.45762128371 -169340.33407645812 476680.9987470764 -695459.6144437806
57755.50520308154 20290.757128864745 544130.4721205409 403573.67835289845 154594.92058134894
-58902.33340384338 55849.33409831836 -127103.17940435803 993921.2465359431 -482875.133292777
-35263.77263804758 -36224.169893549144 722231.5879129423 -891937.6115528435 -106618.75725867099
-4533.48710184067 -62693.7091444344 292358.9594108085 -600923.3223281158 925144.0757538213
45086.51776069886 8255.753517656136 -889401.1157916526 -195964.18772078736 281807.3626909291
-22109.832517426243 -1662.7516510861315 826396.8301170738 866014.2387786286 854915.3425928729
-23167.73002985645 -7678.405458725407 -870790.9575959587 -145696.24611851654 726173.1596239619
-10270.209786284075 -52374.24821000549 889683.7393830894 903534.6708321576 -877976.205113219
41334.04359711525 -51530.305647779955 526284.149460858 635000.1233262741 94924.31731853983
-55681.04792345145 2351.298506681327 719647.6832222021 802890.1371665422 51756.04226909368
-1622.4106290226628 -31995.78408490811 -293393.6595523432 -452655.7286164361 -197465.08947761264
14129.206908520704 48766.35025907583 -29951.073295076494 583767.2395837833 -842322.676781742
10837.192577748458 5046.8182193239045 -447168.268379587 -877659.7132097095 25082.606763078948
39899.21763696332 -4108.9615412438725 -811902.0306370219 -986041.3590835182 508745.14589472977
26413.91576616501 -27861.659320285107 -18623.670359764248 -151864.32791922416 467763.01607373497
41924.461068322664 -38095.01175888753 691664.5711352124 300386.3211231241 -956382.2987682329
12233.851563432065 -62703.41696055289 -420602.85233464616 -290786.77664799057 148273.72934613144
-20307.828712176983 18392.43155369832 -675545.4677881567 802240.25419472 -291691.7398276966
-64085.8106056899 -2972.0986766458227 247663.16753661586 -889779.8799410339 322286.52544386475
34558.89897632587 43722.04404035656 -222286.54175181827 188822.05755914957 -270244.97970715247
-32291.24168456337 -14478.425450819923 782794.2679662218 913113.1182061983 -326446.4133691458
16533.02924907238 -25416.145236410448 517006.7215351714 132738.92449856177 -575649.1578275086
-47880.88941952861 -28851.53751606423 42057.40714253392 -52982.94145936193 -224876.29923207918
10875.111986976335 -58697.160624000186 -819204.4213723391 961261.3526929417 -734704.056692298
-48093.78680108873 52493.72387422332 708392.6466731457 199042.55574368848 570989.6712642447
-38845.81528542332 -50383.18322513875 295932.732865572 774624.5096355015 611244.602366965
44262.41815031975 -29092.702559068246 828206.5193165708 -80996.46205539338 -692211.1885075031
1065.2568364545587 22951.916069631872 -218943.77417502925 968729.3303447266 692604.4287436139
-56845.37139972071 63423.36964671688 -552009.2703175417 39900.621584267705 -992819.0348023274
23664.19841221829 63034.6777113392 -472368.0976080131 -405593.6071139503 -991175.6931673147
784.9669629891432 -10929.110042632921 89684.71506607789 306514.8201050735 166454.01893963595
-5947.686576125823 -21516.622852542845 -337722.93802786083 117403.76344951801 476643.6103608592
20011.682522401534 2323.986771967422 -933769.2511932494 797373.859328134 655405.8402097637
37017.2421469994 -25397.143790561226 -140726.4927469989 763673.4920451543 506458.09002850275
-60422.85819948481 46566.86282338055 -366235.60908618313 304574.573139139 -222951.31131615746
-48701.260397882535 7547.96762125766 -142494.23517900752 594699.0133564705 549754.0469201889
62394.02346450658 -41419.08325896408 -32207.11284594983 -220681.41803153022 -694454.9373669233
34843.832778131095 -60216.3261622889 -696858.7886819013 -264240.8131246603 789248.9781963383
-2016.436909010372 31733.274790034135 190392.74731807853 900902.2563459934 810313.5290895745
-60327.30325770294 55907.90354282115 -195840.67882958497 -967918.3074958768 599679.2728828746
50612.77670411844 62433.09683754215 273975.154012979 -259365.0988238207 -93239.01750738895
31638.021659241465 -14580.530522332308 303653.3186780105 942284.1903098817 -847117.5269700035
59529.04781786294 -27495.186807807127 -114633.50120538403 796648.2114108794 895056.8652526527
27883.60144875165 -18333.198005599465 50268.49257742916 -309190.98617964913 100543.49741098355
-53998.27562440462 1454.6496044929227 334444.3813147142 892558.3695212165 -938667.9512391223
-20801.311182468344 -28628.819949308046 277289.59059677087 -426189.4660668995 167484.6905388548
-12944.535591099993 -51338.315039917725 -265995.5003329617 -978073.9459260226 233516.06940537086
12678.823889998836 -57095.66130794515 280356.80687352037 -147422.5140379552 853775.7736230202
-37680.218983341896 21779.723356288247 -918556.7753765645 62532.83931858209 515169.932456739
-26795.180274737926 -8610.225343592494 297762.8130645545 149591.16082061455 910780.6142209715
19108.348038082535 -53029.81581941061 -357150.2517441178 -842476.8467313126 -225593.11605699523
35946.48984930807 8032.633689972223 -275228.58318564354 -816280.4011808843 -727260.6801186104
-34766.789582234574 -20495.87342358836 -541718.9677036207 -246458.42242334946 -933493.6034989449
-18197.292795257177 -47851.80826878085 271415.4457459557 211159.0477674771 -792742.3579252914
7025.463490698632 63287.09983595183 97617.85126109142 -269287.6833989088 -356203.6301527587
-39318.27713930521 38057.05340132209 -882325.883392499 -66878.60601742449 -380716.5917190756
32540.376697582702 31169.453172130394 -223723.04477553675 609512.2003684021 228855.58305308106
38605.21027392434 42845.79528543705 69244.14516910235 852905.4925122403 -605604.0397430337
-55924.913463061675 -58832.65999485014 -938009.0529164062 -937622.9011043247 148876.96403029235
47364.847836273504 -59306.11609735078 -569443.5908606194 -371490.61405113933 955992.0033768716
36206.97297780457 -56860.939793444326 926261.2067827864 -3479.3467876134673 935129.5278562384
16891.71330282085 -49551.84394727752 338404.98483813554 696963.9128503758 -34638.765378434095
-35843.86952671615 31327.004012589125 455739.1987831376 151526.10132929543 641644.3505936898
63796.89431564057 12001.94669462298 690737.1515038654 475922.3589166389 489581.960596805
-51938.82772904802 64657.12657322743 -865843.52587046 421098.53498131735 672900.8673919835
-37983.68137629058 3070.2526804638037 -810367.769980004 -928198.6136112992 -432864.43128666515
44940.875041127045 40604.849028465294 791740.5903211585 -214557.07093751268 -1796.8643714534119
47785.00895029676 -50031.48312648 728962.3885540098 312886.7484912444 158774.63776331092
-11486.73708322458 47384.60765091618 -985152.4079405098 -348077.36859750876 243105.0885731608
13926.86230230896 -57375.597159840894 380645.3119494647 443382.4087982867 955769.1588628618
-63503.71827348157 29701.997097365194 -122127.6835815619 -36227.77498612483 -848476.3727455089
-6566.311892103477 -53493.332526788814 -886274.0901039509 939015.0180655296 860171.6514742894
-51375.59069615792 -14568.831156096465 -139626.69770216628 888720.020721301 -680818.1742550912
23822.113193004756 -2734.8821012960398 -208093.56634839845 446456.7472063771 -932784.996861355
32186.866749317123 8342.217373980719 -992827.9254690091 -56414.47208866943 438954.6377092127
29064.193073988674 39335.258093072014 -198830.54507339385 523880.7450099231 -697563.9438312226
36840.60283820846 18953.54866619021 606224.6008786145 826211.1808763884 695311.4505336958
38722.42745850592 63974.786421606404 418869.9342611516 54943.83478183928 183892.9626147088
61294.02542378557 -26779.36581477546 229922.07279732963 -267706.97073441977 8159.957874270622
9114.286934833042 -55475.05448499638 740278.7075463168 -996096.1507067538 -446544.06709739857
16786.865660773517 -61323.01115930991 228032.50939709996 36539.93952302262 -392629.69268872985
31243.211775626318 39632.27968756508 548166.2414678761 613341.6274342719 330282.55571190664
-45167.77170780742 -57210.15220638702 -637790.381431147 -845203.4080672462 -548344.2926512656
-43388.921828507766 -57188.92945896089 -372944.9475187161 425623.6795161846 708505.6874411223
43347.88842756937 33808.08819532157 -476580.8516851535 486600.4601401177 -352293.06659938954
-28013.159780265152 -55778.426474418055 856409.119331813 74254.70294528664 -750260.7530730973
-36898.03092485598 -8234.437331958732 154409.37411601353 -706976.712925358 -401222.8799913395
-55463.7905997333 -60124.34181779294 778135.4936335189 738885.0764617673 944979.5458293073
-22749.365703856267 1255.0117649974127 -693278.5046370823 461909.1419961981 -987440.4847569565
-33462.250085574255 49754.96248015693 244096.11368169123 552971.7986800033 -229278.90878558264
-27766.324403743172 -22532.27725614715 -348789.5983198179 -718277.1180272056 240809.15453380137
-53676.228713988574 39634.15974918053 779679.0743949539 25580.40423959971 130743.38148715603
20530.874519485646 61204.67199947451 843189.9846938634 -228936.59531948948 -144422.5932797345
40869.899590643356 30186.200415395986 102951.84350537625 -694388.8611433919 794565.5489542
-59021.06585925397 -59757.72152715492 842840.899858091 -752554.1821682196 -65517.59411471058
-57556.49021977668 -17807.43743541991 -184885.92327375966 776384.428297197 -347922.2120526744
-14747.292152883834 -48728.8748991958 -327588.4089771797 262199.91288175853 974305.4759713362
6574.112741578167 10572.741442128448 760261.813300187 282027.61646835273 -391074.3533677792
51736.486442666035 -50138.64114694897 -540421.3293741131 360361.8426424747 985173.578208673
-52784.17222367019 -38170.25530512362 480411.54413973144 -322662.6135667295 188895.52944350778
-33514.933028814776 32170.009573815347 101887.51534436038 -524929.703132681 919635.8712163952
20370.162744186862 -37126.42455946747 -49901.69766111835 -464866.88591638405 -980208.9773810656
-54070.28478633192 35507.12455614944 667364.3493470945 570323.7002175367 -28410.959883298492
14478.61547696586 -23317.408494315765 231403.6028814544 -917721.0356010632 467953.25008491566
-33593.8156826521 -42714.54803547409 -427174.61795166915 441550.5228262234 -176389.2528689563
7626.068013921802 -58660.31600261034 -826796.5057379896 -701753.6405532011 -163300.93815250008
-2520.0848735713516 7941.462831962519 179389.16597511596 -844374.6988469381 -779070.8133455353
32691.40133085556 -13844.335780781272 695426.2006792184 545273.9799313613 114048.77753787395
31969.033399384934 -42963.610017520696 -881382.2990854823 -666997.0108526559 -781844.0059380891
9937.850242139073 -47376.947488858845 -932986.8584540775 -696064.3771160138 -716526.9358658777
10631.962810917292 -23797.644547196192 -230220.97053562023 707167.1679956776 791841.9854678574
-56304.92429813526 -59035.755139138666 -641845.7844826835 -14047.766191982431 -762916.406204998
-6340.015497868168 63451.83568141864 -266990.22295931727 -899866.2392985697 132058.98105751583
-23078.726232538917 43862.74477879262 205900.2646273889 -624030.8537481525 55964.232069776626
36179.86467003421 -16154.222543523283 -445299.10490685224 169192.68309254642 960712.8174705892
16765.032733645363 22422.030517574443 231512.95981636946 109665.78071393562 -844358.9697827405
-34091.76238628315 -27861.12269117251 714546.2585238828 169094.11567215854 -556283.5827482087
64161.21392252084 2810.377089527392 -315821.5580161989 821591.8962400064 594040.5574470386
-26254.776691046427 -33872.02780507579 -86338.93716692936 91186.00563019048 632454.5184800525
-47344.765012562304 -18951.121235511848 196838.82363457093 375611.39376570843 794183.861859103
-9253.751846612067 -57841.59052579412 -364893.13279540476 906591.5476812159 894348.0855208004
6891.012989680807 -50119.970588478536 103408.17480742396 -406982.52994008805 31708.52672208089
24892.556720791705 2123.3457123361877 182565.35684055625 104175.79779552808 -368919.0371644866
-60537.278031477006 -15296.925484336723 -783505.8050451372 796526.3350646393 151358.4854379394
65038.492079620555 24882.569991796074 -276113.22795471165 -841086.214229271 897702.4047846005
33083.13245078341 1607.6733723746001 -707834.6786891681 960890.8922168515 75578.80593509856
16351.555275022707 -32202.159601949505 -509606.7627746095 -462697.5988399107 -532766.9593976376
32662.363457467145 61516.122833696965 -400266.8275622552 352044.60391610046 956940.328482498
10247.951348287577 53665.24311136457 -130285.14985414979 524731.0103766499 -56961.84021474293
18863.679061903094 20409.759205594353 15286.685521878302 -826037.3900309121 228299.2603914903
22766.38608287902 20017.051246024595 -272679.24121469585 790326.5998384638 1934.7470432491973
-21468.569683863083 2175.350449258185 -826706.900550185 -804909.0755344699 -675278.996368573
-19378.272148663353 27971.749858509284 307012.0059124334 -874556.7735557136 990532.2106787662
-62065.56289462144 19395.29240142087 -392346.0233819566 417612.0960779444 379348.10910923244
-30270.103990116986 -8982.909260517758 372378.70320260595 889207.0247714254 -477394.5706951026
-5870.196664709656 36097.14517305426 344474.0119580957 -464943.66259510396 -352711.4018647857
-51449.92106642235 8479.364233789252 -773757.3324167999 -791816.4265777739 -602127.6568744581
-46186.798895888904 20281.633087070004 -933689.0572809598 -240200.67455524404 -927897.9957568252
-9376.255154611863 25661.370592304505 882920.7055848299 -71409.18428354687 -911888.4758159482
33749.71622149809 -60943.82520210114 -595166.2742715366 -63720.90885695419 -502241.79567763483
-40901.33518418879 -62138.76397014083 -411526.7170625683 19908.149381088675 708964.4304346985
38711.44065008241 4943.982620039067 -496462.67331171856 -261390.3353989995 -240827.34538640897
-58673.32035663264 -22936.933126976408 102361.19959841133 -447213.56222592096 -343541.2077229287
-17511.814319160054 -9173.573168051065 978716.4528354376 -267716.6208196444 329866.68631626666
2269.067385495451 34762.37384973318 128720.22665275703 146976.98812267696 351916.8844989098
55784.75237176362 -34778.01553759798 -508770.6012545983 146987.10280241445 107521.29883584683
-4890.491640599226 -12070.528771498532 421722.63164914725 63454.241003589705 160323.51468280912
39430.553451908476 28999.069554379123 99020.34121659514 -699492.9195667491 -974577.8818139365
32334.72163333962 39433.65655822067 398897.3015579155 295323.53324673395 -386467.5986622026
22367.06480794985 24087.809293772647 -947537.396171465 -850085.5201169683 -41120.99983123876
13693.879358656748 -3291.242508005642 -320702.4934103511 356618.89344260655 386149.5797721774
29576.862810297942 36730.75832475783 886326.4686214074 48739.287141904235 182809.78044294706
17144.53604108424 1950.5233860921144 845320.928825509 -954190.2583481165 663287.7378513955
-20196.4515540492 25415.794086486247 518731.2084516913 312969.1384072006 856099.5688183631
-25758.989725764142 -26785.536713460635 -379209.269597113 -837232.2073657528 422845.6498631751
38835.236890523505 6034.014968472911 -631946.7291219113 89058.15265293955 -857986.8585352434
23836.31356513269 -2977.201169695749 -771302.8933797588 484826.83663777774 691221.8102182923
58126.165069134746 -24623.803027891234 259598.53698264505 -187890.68873819837 -26547.31501726061
52076.25559499765 -12267.714442290191 66070.45328486129 -947936.9906005639 -791095.7985203476
26623.396387116285 65094.04865938073 -661092.6851965436 728213.7182042459 -693058.3170750455
-10410.324628232906 -11712.986630329091 -182297.6094697595 -14949.433381357347 -61781.82812208193
33491.76134981535 -10935.714057019402 -64160.940317936125 -627263.9355553351 -640989.1553761602
-27067.881428294917 1328.659881535059 -79271.93390838045 -760204.0219354532 354430.6661982527
-59446.541967896366 -32430.39078270769 320638.73556766147 -280578.91994927614 126183.6615420538
42079.734412075006 -24142.04070462787 976270.4735789383 -35958.22113008413 -153136.06871628284
